1 1 2 1.0
2 1 16 1.0
3 2 3 1.0
4 2 17 1.0
5 3 4 1.0
6 3 18 1.0
7 4 5 1.0
8 4 19 1.0
9 5 6 1.0
10 5 20 1.0
11 6 7 1.0
12 6 21 1.0
13 7 8 1.0
14 7 22 1.0
15 8 9 1.0
16 8 23 1.0
17 9 10 1.0
18 9 24 1.0
19 10 11 1.0
20 10 25 1.0
21 11 12 1.0
22 11 26 1.0
23 12 13 1.0
24 12 27 1.0
25 13 14 1.0
26 13 28 1.0
27 14 15 1.0
28 14 29 1.0
29 15 30 1.0
30 16 17 1.0
31 16 31 1.0
32 17 18 1.0
33 17 32 1.0
34 18 19 1.0
35 18 33 1.0
36 19 20 1.0
37 19 34 1.0
38 20 21 1.0
39 20 35 1.0
40 21 22 1.0
41 21 36 1.0
42 22 23 1.0
43 22 37 1.0
44 23 24 1.0
45 23 38 1.0
46 24 25 1.0
47 24 39 1.0
48 25 26 1.0
49 25 40 1.0
50 26 27 1.0
51 26 41 1.0
52 27 28 1.0
53 27 42 1.0
54 28 29 1.0
55 28 43 1.0
56 29 30 1.0
57 29 44 1.0
58 30 45 1.0
59 31 32 1.0
60 31 46 1.0
61 32 33 1.0
62 32 47 1.0
63 33 34 1.0
64 33 48 1.0
65 34 35 1.0
66 34 49 1.0
67 35 36 1.0
68 35 50 1.0
69 36 37 1.0
70 36 51 1.0
71 37 38 1.0
72 37 52 1.0
73 38 39 1.0
74 38 53 1.0
75 39 40 1.0
76 39 54 1.0
77 40 41 1.0
78 40 55 1.0
79 41 42 1.0
80 41 56 1.0
81 42 43 1.0
82 42 57 1.0
83 43 44 1.0
84 43 58 1.0
85 44 45 1.0
86 44 59 1.0
87 45 60 1.0
88 46 47 1.0
89 46 61 1.0
90 47 48 1.0
91 47 62 1.0
92 48 49 1.0
93 48 63 1.0
94 49 50 1.0
95 49 64 1.0
96 50 51 1.0
97 50 65 1.0
98 51 52 1.0
99 51 66 1.0
100 52 53 1.0
101 52 67 1.0
102 53 54 1.0
103 53 68 1.0
104 54 55 1.0
105 54 69 1.0
106 55 56 1.0
107 55 70 1.0
108 56 57 1.0
109 56 71 1.0
110 57 58 1.0
111 57 72 1.0
112 58 59 1.0
113 58 73 1.0
114 59 60 1.0
115 59 74 1.0
116 60 75 1.0
117 61 62 1.0
118 61 76 1.0
119 62 63 1.0
120 62 77 1.0
121 63 64 1.0
122 63 78 1.0
123 64 65 1.0
124 64 79 1.0
125 65 66 1.0
126 65 80 1.0
127 66 67 1.0
128 66 81 1.0
129 67 68 1.0
130 67 82 1.0
131 68 69 1.0
132 68 83 1.0
133 69 70 1.0
134 69 84 1.0
135 70 71 1.0
136 70 85 1.0
137 71 72 1.0
138 71 86 1.0
139 72 73 1.0
140 72 87 1.0
141 73 74 1.0
142 73 88 1.0
143 74 75 1.0
144 74 89 1.0
145 75 90 1.0
146 76 77 1.0
147 76 91 1.0
148 77 78 1.0
149 77 92 1.0
150 78 79 1.0
151 78 93 1.0
152 79 80 1.0
153 79 94 1.0
154 80 81 1.0
155 80 95 1.0
156 81 82 1.0
157 81 96 1.0
158 82 83 1.0
159 82 97 1.0
160 83 84 1.0
161 83 98 1.0
162 84 85 1.0
163 84 99 1.0
164 85 86 1.0
165 85 100 1.0
166 86 87 1.0
167 86 101 1.0
168 87 88 1.0
169 87 102 1.0
170 88 89 1.0
171 88 103 1.0
172 89 90 1.0
173 89 104 1.0
174 90 105 1.0
175 91 92 1.0
176 91 106 1.0
177 92 93 1.0
178 92 107 1.0
179 93 94 1.0
180 93 108 1.0
181 94 95 1.0
182 94 109 1.0
183 95 96 1.0
184 95 110 1.0
185 96 97 1.0
186 96 111 1.0
187 97 98 1.0
188 97 112 1.0
189 98 99 1.0
190 98 113 1.0
191 99 100 1.0
192 99 114 1.0
193 100 101 1.0
194 100 115 1.0
195 101 102 1.0
196 101 116 1.0
197 102 103 1.0
198 102 117 1.0
199 103 104 1.0
200 103 118 1.0
201 104 105 1.0
202 104 119 1.0
203 105 120 1.0
204 106 107 1.0
205 106 121 1.0
206 107 108 1.0
207 107 122 1.0
208 108 109 1.0
209 108 123 1.0
210 109 110 1.0
211 109 124 1.0
212 110 111 1.0
213 110 125 1.0
214 111 112 1.0
215 111 126 1.0
216 112 113 1.0
217 112 127 1.0
218 113 114 1.0
219 113 128 1.0
220 114 115 1.0
221 114 129 1.0
222 115 116 1.0
223 115 130 1.0
224 116 117 1.0
225 116 131 1.0
226 117 118 1.0
227 117 132 1.0
228 118 119 1.0
229 118 133 1.0
230 119 120 1.0
231 119 134 1.0
232 120 135 1.0
233 121 122 1.0
234 121 136 1.0
235 122 123 1.0
236 122 137 1.0
237 123 124 1.0
238 123 138 1.0
239 124 125 1.0
240 124 139 1.0
241 125 126 1.0
242 125 140 1.0
243 126 127 1.0
244 126 141 1.0
245 127 128 1.0
246 127 142 1.0
247 128 129 1.0
248 128 143 1.0
249 129 130 1.0
250 129 144 1.0
251 130 131 1.0
252 130 145 1.0
253 131 132 1.0
254 131 146 1.0
255 132 133 1.0
256 132 147 1.0
257 133 134 1.0
258 133 148 1.0
259 134 135 1.0
260 134 149 1.0
261 135 150 1.0
262 136 137 1.0
263 136 151 1.0
264 137 138 1.0
265 137 152 1.0
266 138 139 1.0
267 138 153 1.0
268 139 140 1.0
269 139 154 1.0
270 140 141 1.0
271 140 155 1.0
272 141 142 1.0
273 141 156 1.0
274 142 143 1.0
275 142 157 1.0
276 143 144 1.0
277 143 158 1.0
278 144 145 1.0
279 144 159 1.0
280 145 146 1.0
281 145 160 1.0
282 146 147 1.0
283 146 161 1.0
284 147 148 1.0
285 147 162 1.0
286 148 149 1.0
287 148 163 1.0
288 149 150 1.0
289 149 164 1.0
290 150 165 1.0
291 151 152 1.0
292 151 166 1.0
293 152 153 1.0
294 152 167 1.0
295 153 154 1.0
296 153 168 1.0
297 154 155 1.0
298 154 169 1.0
299 155 156 1.0
300 155 170 1.0
301 156 157 1.0
302 156 171 1.0
303 157 158 1.0
304 157 172 1.0
305 158 159 1.0
306 158 173 1.0
307 159 160 1.0
308 159 174 1.0
309 160 161 1.0
310 160 175 1.0
311 161 162 1.0
312 161 176 1.0
313 162 163 1.0
314 162 177 1.0
315 163 164 1.0
316 163 178 1.0
317 164 165 1.0
318 164 179 1.0
319 165 180 1.0
320 166 167 1.0
321 166 181 1.0
322 167 168 1.0
323 167 182 1.0
324 168 169 1.0
325 168 183 1.0
326 169 170 1.0
327 169 184 1.0
328 170 171 1.0
329 170 185 1.0
330 171 172 1.0
331 171 186 1.0
332 172 173 1.0
333 172 187 1.0
334 173 174 1.0
335 173 188 1.0
336 174 175 1.0
337 174 189 1.0
338 175 176 1.0
339 175 190 1.0
340 176 177 1.0
341 176 191 1.0
342 177 178 1.0
343 177 192 1.0
344 178 179 1.0
345 178 193 1.0
346 179 180 1.0
347 179 194 1.0
348 180 195 1.0
349 181 182 1.0
350 181 196 1.0
351 182 183 1.0
352 182 197 1.0
353 183 184 1.0
354 183 198 1.0
355 184 185 1.0
356 184 199 1.0
357 185 186 1.0
358 185 200 1.0
359 186 187 1.0
360 186 201 1.0
361 187 188 1.0
362 187 202 1.0
363 188 189 1.0
364 188 203 1.0
365 189 190 1.0
366 189 204 1.0
367 190 191 1.0
368 190 205 1.0
369 191 192 1.0
370 191 206 1.0
371 192 193 1.0
372 192 207 1.0
373 193 194 1.0
374 193 208 1.0
375 194 195 1.0
376 194 209 1.0
377 195 210 1.0
378 196 197 1.0
379 197 198 1.0
380 198 199 1.0
381 199 200 1.0
382 200 201 1.0
383 201 202 1.0
384 202 203 1.0
385 203 204 1.0
386 204 205 1.0
387 205 206 1.0
388 206 207 1.0
389 207 208 1.0
390 208 209 1.0
391 209 210 1.0
