1 1 2 1.0
2 1 51 1.0
3 2 3 1.0
4 2 52 1.0
5 3 4 1.0
6 3 53 1.0
7 4 5 1.0
8 4 54 1.0
9 5 6 1.0
10 5 55 1.0
11 6 7 1.0
12 6 56 1.0
13 7 8 1.0
14 7 57 1.0
15 8 9 1.0
16 8 58 1.0
17 9 10 1.0
18 9 59 1.0
19 10 11 1.0
20 10 60 1.0
21 11 12 1.0
22 11 61 1.0
23 12 13 1.0
24 12 62 1.0
25 13 14 1.0
26 13 63 1.0
27 14 15 1.0
28 14 64 1.0
29 15 16 1.0
30 15 65 1.0
31 16 17 1.0
32 16 66 1.0
33 17 18 1.0
34 17 67 1.0
35 18 19 1.0
36 18 68 1.0
37 19 20 1.0
38 19 69 1.0
39 20 21 1.0
40 20 70 1.0
41 21 22 1.0
42 21 71 1.0
43 22 23 1.0
44 22 72 1.0
45 23 24 1.0
46 23 73 1.0
47 24 25 1.0
48 24 74 1.0
49 25 26 1.0
50 25 75 1.0
51 26 27 1.0
52 26 76 1.0
53 27 28 1.0
54 27 77 1.0
55 28 29 1.0
56 28 78 1.0
57 29 30 1.0
58 29 79 1.0
59 30 31 1.0
60 30 80 1.0
61 31 32 1.0
62 31 81 1.0
63 32 33 1.0
64 32 82 1.0
65 33 34 1.0
66 33 83 1.0
67 34 35 1.0
68 34 84 1.0
69 35 36 1.0
70 35 85 1.0
71 36 37 1.0
72 36 86 1.0
73 37 38 1.0
74 37 87 1.0
75 38 39 1.0
76 38 88 1.0
77 39 40 1.0
78 39 89 1.0
79 40 41 1.0
80 40 90 1.0
81 41 42 1.0
82 41 91 1.0
83 42 43 1.0
84 42 92 1.0
85 43 44 1.0
86 43 93 1.0
87 44 45 1.0
88 44 94 1.0
89 45 46 1.0
90 45 95 1.0
91 46 47 1.0
92 46 96 1.0
93 47 48 1.0
94 47 97 1.0
95 48 49 1.0
96 48 98 1.0
97 49 50 1.0
98 49 99 1.0
99 50 100 1.0
100 51 52 1.0
101 51 101 1.0
102 52 53 1.0
103 52 102 1.0
104 53 54 1.0
105 53 103 1.0
106 54 55 1.0
107 54 104 1.0
108 55 56 1.0
109 55 105 1.0
110 56 57 1.0
111 56 106 1.0
112 57 58 1.0
113 57 107 1.0
114 58 59 1.0
115 58 108 1.0
116 59 60 1.0
117 59 109 1.0
118 60 61 1.0
119 60 110 1.0
120 61 62 1.0
121 61 111 1.0
122 62 63 1.0
123 62 112 1.0
124 63 64 1.0
125 63 113 1.0
126 64 65 1.0
127 64 114 1.0
128 65 66 1.0
129 65 115 1.0
130 66 67 1.0
131 66 116 1.0
132 67 68 1.0
133 67 117 1.0
134 68 69 1.0
135 68 118 1.0
136 69 70 1.0
137 69 119 1.0
138 70 71 1.0
139 70 120 1.0
140 71 72 1.0
141 71 121 1.0
142 72 73 1.0
143 72 122 1.0
144 73 74 1.0
145 73 123 1.0
146 74 75 1.0
147 74 124 1.0
148 75 76 1.0
149 75 125 1.0
150 76 77 1.0
151 76 126 1.0
152 77 78 1.0
153 77 127 1.0
154 78 79 1.0
155 78 128 1.0
156 79 80 1.0
157 79 129 1.0
158 80 81 1.0
159 80 130 1.0
160 81 82 1.0
161 81 131 1.0
162 82 83 1.0
163 82 132 1.0
164 83 84 1.0
165 83 133 1.0
166 84 85 1.0
167 84 134 1.0
168 85 86 1.0
169 85 135 1.0
170 86 87 1.0
171 86 136 1.0
172 87 88 1.0
173 87 137 1.0
174 88 89 1.0
175 88 138 1.0
176 89 90 1.0
177 89 139 1.0
178 90 91 1.0
179 90 140 1.0
180 91 92 1.0
181 91 141 1.0
182 92 93 1.0
183 92 142 1.0
184 93 94 1.0
185 93 143 1.0
186 94 95 1.0
187 94 144 1.0
188 95 96 1.0
189 95 145 1.0
190 96 97 1.0
191 96 146 1.0
192 97 98 1.0
193 97 147 1.0
194 98 99 1.0
195 98 148 1.0
196 99 100 1.0
197 99 149 1.0
198 100 150 1.0
199 101 102 1.0
200 101 151 1.0
201 102 103 1.0
202 102 152 1.0
203 103 104 1.0
204 103 153 1.0
205 104 105 1.0
206 104 154 1.0
207 105 106 1.0
208 105 155 1.0
209 106 107 1.0
210 106 156 1.0
211 107 108 1.0
212 107 157 1.0
213 108 109 1.0
214 108 158 1.0
215 109 110 1.0
216 109 159 1.0
217 110 111 1.0
218 110 160 1.0
219 111 112 1.0
220 111 161 1.0
221 112 113 1.0
222 112 162 1.0
223 113 114 1.0
224 113 163 1.0
225 114 115 1.0
226 114 164 1.0
227 115 116 1.0
228 115 165 1.0
229 116 117 1.0
230 116 166 1.0
231 117 118 1.0
232 117 167 1.0
233 118 119 1.0
234 118 168 1.0
235 119 120 1.0
236 119 169 1.0
237 120 121 1.0
238 120 170 1.0
239 121 122 1.0
240 121 171 1.0
241 122 123 1.0
242 122 172 1.0
243 123 124 1.0
244 123 173 1.0
245 124 125 1.0
246 124 174 1.0
247 125 126 1.0
248 125 175 1.0
249 126 127 1.0
250 126 176 1.0
251 127 128 1.0
252 127 177 1.0
253 128 129 1.0
254 128 178 1.0
255 129 130 1.0
256 129 179 1.0
257 130 131 1.0
258 130 180 1.0
259 131 132 1.0
260 131 181 1.0
261 132 133 1.0
262 132 182 1.0
263 133 134 1.0
264 133 183 1.0
265 134 135 1.0
266 134 184 1.0
267 135 136 1.0
268 135 185 1.0
269 136 137 1.0
270 136 186 1.0
271 137 138 1.0
272 137 187 1.0
273 138 139 1.0
274 138 188 1.0
275 139 140 1.0
276 139 189 1.0
277 140 141 1.0
278 140 190 1.0
279 141 142 1.0
280 141 191 1.0
281 142 143 1.0
282 142 192 1.0
283 143 144 1.0
284 143 193 1.0
285 144 145 1.0
286 144 194 1.0
287 145 146 1.0
288 145 195 1.0
289 146 147 1.0
290 146 196 1.0
291 147 148 1.0
292 147 197 1.0
293 148 149 1.0
294 148 198 1.0
295 149 150 1.0
296 149 199 1.0
297 150 200 1.0
298 151 152 1.0
299 151 201 1.0
300 152 153 1.0
301 152 202 1.0
302 153 154 1.0
303 153 203 1.0
304 154 155 1.0
305 154 204 1.0
306 155 156 1.0
307 155 205 1.0
308 156 157 1.0
309 156 206 1.0
310 157 158 1.0
311 157 207 1.0
312 158 159 1.0
313 158 208 1.0
314 159 160 1.0
315 159 209 1.0
316 160 161 1.0
317 160 210 1.0
318 161 162 1.0
319 161 211 1.0
320 162 163 1.0
321 162 212 1.0
322 163 164 1.0
323 163 213 1.0
324 164 165 1.0
325 164 214 1.0
326 165 166 1.0
327 165 215 1.0
328 166 167 1.0
329 166 216 1.0
330 167 168 1.0
331 167 217 1.0
332 168 169 1.0
333 168 218 1.0
334 169 170 1.0
335 169 219 1.0
336 170 171 1.0
337 170 220 1.0
338 171 172 1.0
339 171 221 1.0
340 172 173 1.0
341 172 222 1.0
342 173 174 1.0
343 173 223 1.0
344 174 175 1.0
345 174 224 1.0
346 175 176 1.0
347 175 225 1.0
348 176 177 1.0
349 176 226 1.0
350 177 178 1.0
351 177 227 1.0
352 178 179 1.0
353 178 228 1.0
354 179 180 1.0
355 179 229 1.0
356 180 181 1.0
357 180 230 1.0
358 181 182 1.0
359 181 231 1.0
360 182 183 1.0
361 182 232 1.0
362 183 184 1.0
363 183 233 1.0
364 184 185 1.0
365 184 234 1.0
366 185 186 1.0
367 185 235 1.0
368 186 187 1.0
369 186 236 1.0
370 187 188 1.0
371 187 237 1.0
372 188 189 1.0
373 188 238 1.0
374 189 190 1.0
375 189 239 1.0
376 190 191 1.0
377 190 240 1.0
378 191 192 1.0
379 191 241 1.0
380 192 193 1.0
381 192 242 1.0
382 193 194 1.0
383 193 243 1.0
384 194 195 1.0
385 194 244 1.0
386 195 196 1.0
387 195 245 1.0
388 196 197 1.0
389 196 246 1.0
390 197 198 1.0
391 197 247 1.0
392 198 199 1.0
393 198 248 1.0
394 199 200 1.0
395 199 249 1.0
396 200 250 1.0
397 201 202 1.0
398 201 251 1.0
399 202 203 1.0
400 202 252 1.0
401 203 204 1.0
402 203 253 1.0
403 204 205 1.0
404 204 254 1.0
405 205 206 1.0
406 205 255 1.0
407 206 207 1.0
408 206 256 1.0
409 207 208 1.0
410 207 257 1.0
411 208 209 1.0
412 208 258 1.0
413 209 210 1.0
414 209 259 1.0
415 210 211 1.0
416 210 260 1.0
417 211 212 1.0
418 211 261 1.0
419 212 213 1.0
420 212 262 1.0
421 213 214 1.0
422 213 263 1.0
423 214 215 1.0
424 214 264 1.0
425 215 216 1.0
426 215 265 1.0
427 216 217 1.0
428 216 266 1.0
429 217 218 1.0
430 217 267 1.0
431 218 219 1.0
432 218 268 1.0
433 219 220 1.0
434 219 269 1.0
435 220 221 1.0
436 220 270 1.0
437 221 222 1.0
438 221 271 1.0
439 222 223 1.0
440 222 272 1.0
441 223 224 1.0
442 223 273 1.0
443 224 225 1.0
444 224 274 1.0
445 225 226 1.0
446 225 275 1.0
447 226 227 1.0
448 226 276 1.0
449 227 228 1.0
450 227 277 1.0
451 228 229 1.0
452 228 278 1.0
453 229 230 1.0
454 229 279 1.0
455 230 231 1.0
456 230 280 1.0
457 231 232 1.0
458 231 281 1.0
459 232 233 1.0
460 232 282 1.0
461 233 234 1.0
462 233 283 1.0
463 234 235 1.0
464 234 284 1.0
465 235 236 1.0
466 235 285 1.0
467 236 237 1.0
468 236 286 1.0
469 237 238 1.0
470 237 287 1.0
471 238 239 1.0
472 238 288 1.0
473 239 240 1.0
474 239 289 1.0
475 240 241 1.0
476 240 290 1.0
477 241 242 1.0
478 241 291 1.0
479 242 243 1.0
480 242 292 1.0
481 243 244 1.0
482 243 293 1.0
483 244 245 1.0
484 244 294 1.0
485 245 246 1.0
486 245 295 1.0
487 246 247 1.0
488 246 296 1.0
489 247 248 1.0
490 247 297 1.0
491 248 249 1.0
492 248 298 1.0
493 249 250 1.0
494 249 299 1.0
495 250 300 1.0
496 251 252 1.0
497 251 301 1.0
498 252 253 1.0
499 252 302 1.0
500 253 254 1.0
501 253 303 1.0
502 254 255 1.0
503 254 304 1.0
504 255 256 1.0
505 255 305 1.0
506 256 257 1.0
507 256 306 1.0
508 257 258 1.0
509 257 307 1.0
510 258 259 1.0
511 258 308 1.0
512 259 260 1.0
513 259 309 1.0
514 260 261 1.0
515 260 310 1.0
516 261 262 1.0
517 261 311 1.0
518 262 263 1.0
519 262 312 1.0
520 263 264 1.0
521 263 313 1.0
522 264 265 1.0
523 264 314 1.0
524 265 266 1.0
525 265 315 1.0
526 266 267 1.0
527 266 316 1.0
528 267 268 1.0
529 267 317 1.0
530 268 269 1.0
531 268 318 1.0
532 269 270 1.0
533 269 319 1.0
534 270 271 1.0
535 270 320 1.0
536 271 272 1.0
537 271 321 1.0
538 272 273 1.0
539 272 322 1.0
540 273 274 1.0
541 273 323 1.0
542 274 275 1.0
543 274 324 1.0
544 275 276 1.0
545 275 325 1.0
546 276 277 1.0
547 276 326 1.0
548 277 278 1.0
549 277 327 1.0
550 278 279 1.0
551 278 328 1.0
552 279 280 1.0
553 279 329 1.0
554 280 281 1.0
555 280 330 1.0
556 281 282 1.0
557 281 331 1.0
558 282 283 1.0
559 282 332 1.0
560 283 284 1.0
561 283 333 1.0
562 284 285 1.0
563 284 334 1.0
564 285 286 1.0
565 285 335 1.0
566 286 287 1.0
567 286 336 1.0
568 287 288 1.0
569 287 337 1.0
570 288 289 1.0
571 288 338 1.0
572 289 290 1.0
573 289 339 1.0
574 290 291 1.0
575 290 340 1.0
576 291 292 1.0
577 291 341 1.0
578 292 293 1.0
579 292 342 1.0
580 293 294 1.0
581 293 343 1.0
582 294 295 1.0
583 294 344 1.0
584 295 296 1.0
585 295 345 1.0
586 296 297 1.0
587 296 346 1.0
588 297 298 1.0
589 297 347 1.0
590 298 299 1.0
591 298 348 1.0
592 299 300 1.0
593 299 349 1.0
594 300 350 1.0
595 301 302 1.0
596 301 351 1.0
597 302 303 1.0
598 302 352 1.0
599 303 304 1.0
600 303 353 1.0
601 304 305 1.0
602 304 354 1.0
603 305 306 1.0
604 305 355 1.0
605 306 307 1.0
606 306 356 1.0
607 307 308 1.0
608 307 357 1.0
609 308 309 1.0
610 308 358 1.0
611 309 310 1.0
612 309 359 1.0
613 310 311 1.0
614 310 360 1.0
615 311 312 1.0
616 311 361 1.0
617 312 313 1.0
618 312 362 1.0
619 313 314 1.0
620 313 363 1.0
621 314 315 1.0
622 314 364 1.0
623 315 316 1.0
624 315 365 1.0
625 316 317 1.0
626 316 366 1.0
627 317 318 1.0
628 317 367 1.0
629 318 319 1.0
630 318 368 1.0
631 319 320 1.0
632 319 369 1.0
633 320 321 1.0
634 320 370 1.0
635 321 322 1.0
636 321 371 1.0
637 322 323 1.0
638 322 372 1.0
639 323 324 1.0
640 323 373 1.0
641 324 325 1.0
642 324 374 1.0
643 325 326 1.0
644 325 375 1.0
645 326 327 1.0
646 326 376 1.0
647 327 328 1.0
648 327 377 1.0
649 328 329 1.0
650 328 378 1.0
651 329 330 1.0
652 329 379 1.0
653 330 331 1.0
654 330 380 1.0
655 331 332 1.0
656 331 381 1.0
657 332 333 1.0
658 332 382 1.0
659 333 334 1.0
660 333 383 1.0
661 334 335 1.0
662 334 384 1.0
663 335 336 1.0
664 335 385 1.0
665 336 337 1.0
666 336 386 1.0
667 337 338 1.0
668 337 387 1.0
669 338 339 1.0
670 338 388 1.0
671 339 340 1.0
672 339 389 1.0
673 340 341 1.0
674 340 390 1.0
675 341 342 1.0
676 341 391 1.0
677 342 343 1.0
678 342 392 1.0
679 343 344 1.0
680 343 393 1.0
681 344 345 1.0
682 344 394 1.0
683 345 346 1.0
684 345 395 1.0
685 346 347 1.0
686 346 396 1.0
687 347 348 1.0
688 347 397 1.0
689 348 349 1.0
690 348 398 1.0
691 349 350 1.0
692 349 399 1.0
693 350 400 1.0
694 351 352 1.0
695 351 401 1.0
696 352 353 1.0
697 352 402 1.0
698 353 354 1.0
699 353 403 1.0
700 354 355 1.0
701 354 404 1.0
702 355 356 1.0
703 355 405 1.0
704 356 357 1.0
705 356 406 1.0
706 357 358 1.0
707 357 407 1.0
708 358 359 1.0
709 358 408 1.0
710 359 360 1.0
711 359 409 1.0
712 360 361 1.0
713 360 410 1.0
714 361 362 1.0
715 361 411 1.0
716 362 363 1.0
717 362 412 1.0
718 363 364 1.0
719 363 413 1.0
720 364 365 1.0
721 364 414 1.0
722 365 366 1.0
723 365 415 1.0
724 366 367 1.0
725 366 416 1.0
726 367 368 1.0
727 367 417 1.0
728 368 369 1.0
729 368 418 1.0
730 369 370 1.0
731 369 419 1.0
732 370 371 1.0
733 370 420 1.0
734 371 372 1.0
735 371 421 1.0
736 372 373 1.0
737 372 422 1.0
738 373 374 1.0
739 373 423 1.0
740 374 375 1.0
741 374 424 1.0
742 375 376 1.0
743 375 425 1.0
744 376 377 1.0
745 376 426 1.0
746 377 378 1.0
747 377 427 1.0
748 378 379 1.0
749 378 428 1.0
750 379 380 1.0
751 379 429 1.0
752 380 381 1.0
753 380 430 1.0
754 381 382 1.0
755 381 431 1.0
756 382 383 1.0
757 382 432 1.0
758 383 384 1.0
759 383 433 1.0
760 384 385 1.0
761 384 434 1.0
762 385 386 1.0
763 385 435 1.0
764 386 387 1.0
765 386 436 1.0
766 387 388 1.0
767 387 437 1.0
768 388 389 1.0
769 388 438 1.0
770 389 390 1.0
771 389 439 1.0
772 390 391 1.0
773 390 440 1.0
774 391 392 1.0
775 391 441 1.0
776 392 393 1.0
777 392 442 1.0
778 393 394 1.0
779 393 443 1.0
780 394 395 1.0
781 394 444 1.0
782 395 396 1.0
783 395 445 1.0
784 396 397 1.0
785 396 446 1.0
786 397 398 1.0
787 397 447 1.0
788 398 399 1.0
789 398 448 1.0
790 399 400 1.0
791 399 449 1.0
792 400 450 1.0
793 401 402 1.0
794 401 451 1.0
795 402 403 1.0
796 402 452 1.0
797 403 404 1.0
798 403 453 1.0
799 404 405 1.0
800 404 454 1.0
801 405 406 1.0
802 405 455 1.0
803 406 407 1.0
804 406 456 1.0
805 407 408 1.0
806 407 457 1.0
807 408 409 1.0
808 408 458 1.0
809 409 410 1.0
810 409 459 1.0
811 410 411 1.0
812 410 460 1.0
813 411 412 1.0
814 411 461 1.0
815 412 413 1.0
816 412 462 1.0
817 413 414 1.0
818 413 463 1.0
819 414 415 1.0
820 414 464 1.0
821 415 416 1.0
822 415 465 1.0
823 416 417 1.0
824 416 466 1.0
825 417 418 1.0
826 417 467 1.0
827 418 419 1.0
828 418 468 1.0
829 419 420 1.0
830 419 469 1.0
831 420 421 1.0
832 420 470 1.0
833 421 422 1.0
834 421 471 1.0
835 422 423 1.0
836 422 472 1.0
837 423 424 1.0
838 423 473 1.0
839 424 425 1.0
840 424 474 1.0
841 425 426 1.0
842 425 475 1.0
843 426 427 1.0
844 426 476 1.0
845 427 428 1.0
846 427 477 1.0
847 428 429 1.0
848 428 478 1.0
849 429 430 1.0
850 429 479 1.0
851 430 431 1.0
852 430 480 1.0
853 431 432 1.0
854 431 481 1.0
855 432 433 1.0
856 432 482 1.0
857 433 434 1.0
858 433 483 1.0
859 434 435 1.0
860 434 484 1.0
861 435 436 1.0
862 435 485 1.0
863 436 437 1.0
864 436 486 1.0
865 437 438 1.0
866 437 487 1.0
867 438 439 1.0
868 438 488 1.0
869 439 440 1.0
870 439 489 1.0
871 440 441 1.0
872 440 490 1.0
873 441 442 1.0
874 441 491 1.0
875 442 443 1.0
876 442 492 1.0
877 443 444 1.0
878 443 493 1.0
879 444 445 1.0
880 444 494 1.0
881 445 446 1.0
882 445 495 1.0
883 446 447 1.0
884 446 496 1.0
885 447 448 1.0
886 447 497 1.0
887 448 449 1.0
888 448 498 1.0
889 449 450 1.0
890 449 499 1.0
891 450 500 1.0
892 451 452 1.0
893 451 501 1.0
894 452 453 1.0
895 452 502 1.0
896 453 454 1.0
897 453 503 1.0
898 454 455 1.0
899 454 504 1.0
900 455 456 1.0
901 455 505 1.0
902 456 457 1.0
903 456 506 1.0
904 457 458 1.0
905 457 507 1.0
906 458 459 1.0
907 458 508 1.0
908 459 460 1.0
909 459 509 1.0
910 460 461 1.0
911 460 510 1.0
912 461 462 1.0
913 461 511 1.0
914 462 463 1.0
915 462 512 1.0
916 463 464 1.0
917 463 513 1.0
918 464 465 1.0
919 464 514 1.0
920 465 466 1.0
921 465 515 1.0
922 466 467 1.0
923 466 516 1.0
924 467 468 1.0
925 467 517 1.0
926 468 469 1.0
927 468 518 1.0
928 469 470 1.0
929 469 519 1.0
930 470 471 1.0
931 470 520 1.0
932 471 472 1.0
933 471 521 1.0
934 472 473 1.0
935 472 522 1.0
936 473 474 1.0
937 473 523 1.0
938 474 475 1.0
939 474 524 1.0
940 475 476 1.0
941 475 525 1.0
942 476 477 1.0
943 476 526 1.0
944 477 478 1.0
945 477 527 1.0
946 478 479 1.0
947 478 528 1.0
948 479 480 1.0
949 479 529 1.0
950 480 481 1.0
951 480 530 1.0
952 481 482 1.0
953 481 531 1.0
954 482 483 1.0
955 482 532 1.0
956 483 484 1.0
957 483 533 1.0
958 484 485 1.0
959 484 534 1.0
960 485 486 1.0
961 485 535 1.0
962 486 487 1.0
963 486 536 1.0
964 487 488 1.0
965 487 537 1.0
966 488 489 1.0
967 488 538 1.0
968 489 490 1.0
969 489 539 1.0
970 490 491 1.0
971 490 540 1.0
972 491 492 1.0
973 491 541 1.0
974 492 493 1.0
975 492 542 1.0
976 493 494 1.0
977 493 543 1.0
978 494 495 1.0
979 494 544 1.0
980 495 496 1.0
981 495 545 1.0
982 496 497 1.0
983 496 546 1.0
984 497 498 1.0
985 497 547 1.0
986 498 499 1.0
987 498 548 1.0
988 499 500 1.0
989 499 549 1.0
990 500 550 1.0
991 501 502 1.0
992 501 551 1.0
993 502 503 1.0
994 502 552 1.0
995 503 504 1.0
996 503 553 1.0
997 504 505 1.0
998 504 554 1.0
999 505 506 1.0
1000 505 555 1.0
1001 506 507 1.0
1002 506 556 1.0
1003 507 508 1.0
1004 507 557 1.0
1005 508 509 1.0
1006 508 558 1.0
1007 509 510 1.0
1008 509 559 1.0
1009 510 511 1.0
1010 510 560 1.0
1011 511 512 1.0
1012 511 561 1.0
1013 512 513 1.0
1014 512 562 1.0
1015 513 514 1.0
1016 513 563 1.0
1017 514 515 1.0
1018 514 564 1.0
1019 515 516 1.0
1020 515 565 1.0
1021 516 517 1.0
1022 516 566 1.0
1023 517 518 1.0
1024 517 567 1.0
1025 518 519 1.0
1026 518 568 1.0
1027 519 520 1.0
1028 519 569 1.0
1029 520 521 1.0
1030 520 570 1.0
1031 521 522 1.0
1032 521 571 1.0
1033 522 523 1.0
1034 522 572 1.0
1035 523 524 1.0
1036 523 573 1.0
1037 524 525 1.0
1038 524 574 1.0
1039 525 526 1.0
1040 525 575 1.0
1041 526 527 1.0
1042 526 576 1.0
1043 527 528 1.0
1044 527 577 1.0
1045 528 529 1.0
1046 528 578 1.0
1047 529 530 1.0
1048 529 579 1.0
1049 530 531 1.0
1050 530 580 1.0
1051 531 532 1.0
1052 531 581 1.0
1053 532 533 1.0
1054 532 582 1.0
1055 533 534 1.0
1056 533 583 1.0
1057 534 535 1.0
1058 534 584 1.0
1059 535 536 1.0
1060 535 585 1.0
1061 536 537 1.0
1062 536 586 1.0
1063 537 538 1.0
1064 537 587 1.0
1065 538 539 1.0
1066 538 588 1.0
1067 539 540 1.0
1068 539 589 1.0
1069 540 541 1.0
1070 540 590 1.0
1071 541 542 1.0
1072 541 591 1.0
1073 542 543 1.0
1074 542 592 1.0
1075 543 544 1.0
1076 543 593 1.0
1077 544 545 1.0
1078 544 594 1.0
1079 545 546 1.0
1080 545 595 1.0
1081 546 547 1.0
1082 546 596 1.0
1083 547 548 1.0
1084 547 597 1.0
1085 548 549 1.0
1086 548 598 1.0
1087 549 550 1.0
1088 549 599 1.0
1089 550 600 1.0
1090 551 552 1.0
1091 551 601 1.0
1092 552 553 1.0
1093 552 602 1.0
1094 553 554 1.0
1095 553 603 1.0
1096 554 555 1.0
1097 554 604 1.0
1098 555 556 1.0
1099 555 605 1.0
1100 556 557 1.0
1101 556 606 1.0
1102 557 558 1.0
1103 557 607 1.0
1104 558 559 1.0
1105 558 608 1.0
1106 559 560 1.0
1107 559 609 1.0
1108 560 561 1.0
1109 560 610 1.0
1110 561 562 1.0
1111 561 611 1.0
1112 562 563 1.0
1113 562 612 1.0
1114 563 564 1.0
1115 563 613 1.0
1116 564 565 1.0
1117 564 614 1.0
1118 565 566 1.0
1119 565 615 1.0
1120 566 567 1.0
1121 566 616 1.0
1122 567 568 1.0
1123 567 617 1.0
1124 568 569 1.0
1125 568 618 1.0
1126 569 570 1.0
1127 569 619 1.0
1128 570 571 1.0
1129 570 620 1.0
1130 571 572 1.0
1131 571 621 1.0
1132 572 573 1.0
1133 572 622 1.0
1134 573 574 1.0
1135 573 623 1.0
1136 574 575 1.0
1137 574 624 1.0
1138 575 576 1.0
1139 575 625 1.0
1140 576 577 1.0
1141 576 626 1.0
1142 577 578 1.0
1143 577 627 1.0
1144 578 579 1.0
1145 578 628 1.0
1146 579 580 1.0
1147 579 629 1.0
1148 580 581 1.0
1149 580 630 1.0
1150 581 582 1.0
1151 581 631 1.0
1152 582 583 1.0
1153 582 632 1.0
1154 583 584 1.0
1155 583 633 1.0
1156 584 585 1.0
1157 584 634 1.0
1158 585 586 1.0
1159 585 635 1.0
1160 586 587 1.0
1161 586 636 1.0
1162 587 588 1.0
1163 587 637 1.0
1164 588 589 1.0
1165 588 638 1.0
1166 589 590 1.0
1167 589 639 1.0
1168 590 591 1.0
1169 590 640 1.0
1170 591 592 1.0
1171 591 641 1.0
1172 592 593 1.0
1173 592 642 1.0
1174 593 594 1.0
1175 593 643 1.0
1176 594 595 1.0
1177 594 644 1.0
1178 595 596 1.0
1179 595 645 1.0
1180 596 597 1.0
1181 596 646 1.0
1182 597 598 1.0
1183 597 647 1.0
1184 598 599 1.0
1185 598 648 1.0
1186 599 600 1.0
1187 599 649 1.0
1188 600 650 1.0
1189 601 602 1.0
1190 601 651 1.0
1191 602 603 1.0
1192 602 652 1.0
1193 603 604 1.0
1194 603 653 1.0
1195 604 605 1.0
1196 604 654 1.0
1197 605 606 1.0
1198 605 655 1.0
1199 606 607 1.0
1200 606 656 1.0
1201 607 608 1.0
1202 607 657 1.0
1203 608 609 1.0
1204 608 658 1.0
1205 609 610 1.0
1206 609 659 1.0
1207 610 611 1.0
1208 610 660 1.0
1209 611 612 1.0
1210 611 661 1.0
1211 612 613 1.0
1212 612 662 1.0
1213 613 614 1.0
1214 613 663 1.0
1215 614 615 1.0
1216 614 664 1.0
1217 615 616 1.0
1218 615 665 1.0
1219 616 617 1.0
1220 616 666 1.0
1221 617 618 1.0
1222 617 667 1.0
1223 618 619 1.0
1224 618 668 1.0
1225 619 620 1.0
1226 619 669 1.0
1227 620 621 1.0
1228 620 670 1.0
1229 621 622 1.0
1230 621 671 1.0
1231 622 623 1.0
1232 622 672 1.0
1233 623 624 1.0
1234 623 673 1.0
1235 624 625 1.0
1236 624 674 1.0
1237 625 626 1.0
1238 625 675 1.0
1239 626 627 1.0
1240 626 676 1.0
1241 627 628 1.0
1242 627 677 1.0
1243 628 629 1.0
1244 628 678 1.0
1245 629 630 1.0
1246 629 679 1.0
1247 630 631 1.0
1248 630 680 1.0
1249 631 632 1.0
1250 631 681 1.0
1251 632 633 1.0
1252 632 682 1.0
1253 633 634 1.0
1254 633 683 1.0
1255 634 635 1.0
1256 634 684 1.0
1257 635 636 1.0
1258 635 685 1.0
1259 636 637 1.0
1260 636 686 1.0
1261 637 638 1.0
1262 637 687 1.0
1263 638 639 1.0
1264 638 688 1.0
1265 639 640 1.0
1266 639 689 1.0
1267 640 641 1.0
1268 640 690 1.0
1269 641 642 1.0
1270 641 691 1.0
1271 642 643 1.0
1272 642 692 1.0
1273 643 644 1.0
1274 643 693 1.0
1275 644 645 1.0
1276 644 694 1.0
1277 645 646 1.0
1278 645 695 1.0
1279 646 647 1.0
1280 646 696 1.0
1281 647 648 1.0
1282 647 697 1.0
1283 648 649 1.0
1284 648 698 1.0
1285 649 650 1.0
1286 649 699 1.0
1287 650 700 1.0
1288 651 652 1.0
1289 651 701 1.0
1290 652 653 1.0
1291 652 702 1.0
1292 653 654 1.0
1293 653 703 1.0
1294 654 655 1.0
1295 654 704 1.0
1296 655 656 1.0
1297 655 705 1.0
1298 656 657 1.0
1299 656 706 1.0
1300 657 658 1.0
1301 657 707 1.0
1302 658 659 1.0
1303 658 708 1.0
1304 659 660 1.0
1305 659 709 1.0
1306 660 661 1.0
1307 660 710 1.0
1308 661 662 1.0
1309 661 711 1.0
1310 662 663 1.0
1311 662 712 1.0
1312 663 664 1.0
1313 663 713 1.0
1314 664 665 1.0
1315 664 714 1.0
1316 665 666 1.0
1317 665 715 1.0
1318 666 667 1.0
1319 666 716 1.0
1320 667 668 1.0
1321 667 717 1.0
1322 668 669 1.0
1323 668 718 1.0
1324 669 670 1.0
1325 669 719 1.0
1326 670 671 1.0
1327 670 720 1.0
1328 671 672 1.0
1329 671 721 1.0
1330 672 673 1.0
1331 672 722 1.0
1332 673 674 1.0
1333 673 723 1.0
1334 674 675 1.0
1335 674 724 1.0
1336 675 676 1.0
1337 675 725 1.0
1338 676 677 1.0
1339 676 726 1.0
1340 677 678 1.0
1341 677 727 1.0
1342 678 679 1.0
1343 678 728 1.0
1344 679 680 1.0
1345 679 729 1.0
1346 680 681 1.0
1347 680 730 1.0
1348 681 682 1.0
1349 681 731 1.0
1350 682 683 1.0
1351 682 732 1.0
1352 683 684 1.0
1353 683 733 1.0
1354 684 685 1.0
1355 684 734 1.0
1356 685 686 1.0
1357 685 735 1.0
1358 686 687 1.0
1359 686 736 1.0
1360 687 688 1.0
1361 687 737 1.0
1362 688 689 1.0
1363 688 738 1.0
1364 689 690 1.0
1365 689 739 1.0
1366 690 691 1.0
1367 690 740 1.0
1368 691 692 1.0
1369 691 741 1.0
1370 692 693 1.0
1371 692 742 1.0
1372 693 694 1.0
1373 693 743 1.0
1374 694 695 1.0
1375 694 744 1.0
1376 695 696 1.0
1377 695 745 1.0
1378 696 697 1.0
1379 696 746 1.0
1380 697 698 1.0
1381 697 747 1.0
1382 698 699 1.0
1383 698 748 1.0
1384 699 700 1.0
1385 699 749 1.0
1386 700 750 1.0
1387 701 702 1.0
1388 701 751 1.0
1389 702 703 1.0
1390 702 752 1.0
1391 703 704 1.0
1392 703 753 1.0
1393 704 705 1.0
1394 704 754 1.0
1395 705 706 1.0
1396 705 755 1.0
1397 706 707 1.0
1398 706 756 1.0
1399 707 708 1.0
1400 707 757 1.0
1401 708 709 1.0
1402 708 758 1.0
1403 709 710 1.0
1404 709 759 1.0
1405 710 711 1.0
1406 710 760 1.0
1407 711 712 1.0
1408 711 761 1.0
1409 712 713 1.0
1410 712 762 1.0
1411 713 714 1.0
1412 713 763 1.0
1413 714 715 1.0
1414 714 764 1.0
1415 715 716 1.0
1416 715 765 1.0
1417 716 717 1.0
1418 716 766 1.0
1419 717 718 1.0
1420 717 767 1.0
1421 718 719 1.0
1422 718 768 1.0
1423 719 720 1.0
1424 719 769 1.0
1425 720 721 1.0
1426 720 770 1.0
1427 721 722 1.0
1428 721 771 1.0
1429 722 723 1.0
1430 722 772 1.0
1431 723 724 1.0
1432 723 773 1.0
1433 724 725 1.0
1434 724 774 1.0
1435 725 726 1.0
1436 725 775 1.0
1437 726 727 1.0
1438 726 776 1.0
1439 727 728 1.0
1440 727 777 1.0
1441 728 729 1.0
1442 728 778 1.0
1443 729 730 1.0
1444 729 779 1.0
1445 730 731 1.0
1446 730 780 1.0
1447 731 732 1.0
1448 731 781 1.0
1449 732 733 1.0
1450 732 782 1.0
1451 733 734 1.0
1452 733 783 1.0
1453 734 735 1.0
1454 734 784 1.0
1455 735 736 1.0
1456 735 785 1.0
1457 736 737 1.0
1458 736 786 1.0
1459 737 738 1.0
1460 737 787 1.0
1461 738 739 1.0
1462 738 788 1.0
1463 739 740 1.0
1464 739 789 1.0
1465 740 741 1.0
1466 740 790 1.0
1467 741 742 1.0
1468 741 791 1.0
1469 742 743 1.0
1470 742 792 1.0
1471 743 744 1.0
1472 743 793 1.0
1473 744 745 1.0
1474 744 794 1.0
1475 745 746 1.0
1476 745 795 1.0
1477 746 747 1.0
1478 746 796 1.0
1479 747 748 1.0
1480 747 797 1.0
1481 748 749 1.0
1482 748 798 1.0
1483 749 750 1.0
1484 749 799 1.0
1485 750 800 1.0
1486 751 752 1.0
1487 751 801 1.0
1488 752 753 1.0
1489 752 802 1.0
1490 753 754 1.0
1491 753 803 1.0
1492 754 755 1.0
1493 754 804 1.0
1494 755 756 1.0
1495 755 805 1.0
1496 756 757 1.0
1497 756 806 1.0
1498 757 758 1.0
1499 757 807 1.0
1500 758 759 1.0
1501 758 808 1.0
1502 759 760 1.0
1503 759 809 1.0
1504 760 761 1.0
1505 760 810 1.0
1506 761 762 1.0
1507 761 811 1.0
1508 762 763 1.0
1509 762 812 1.0
1510 763 764 1.0
1511 763 813 1.0
1512 764 765 1.0
1513 764 814 1.0
1514 765 766 1.0
1515 765 815 1.0
1516 766 767 1.0
1517 766 816 1.0
1518 767 768 1.0
1519 767 817 1.0
1520 768 769 1.0
1521 768 818 1.0
1522 769 770 1.0
1523 769 819 1.0
1524 770 771 1.0
1525 770 820 1.0
1526 771 772 1.0
1527 771 821 1.0
1528 772 773 1.0
1529 772 822 1.0
1530 773 774 1.0
1531 773 823 1.0
1532 774 775 1.0
1533 774 824 1.0
1534 775 776 1.0
1535 775 825 1.0
1536 776 777 1.0
1537 776 826 1.0
1538 777 778 1.0
1539 777 827 1.0
1540 778 779 1.0
1541 778 828 1.0
1542 779 780 1.0
1543 779 829 1.0
1544 780 781 1.0
1545 780 830 1.0
1546 781 782 1.0
1547 781 831 1.0
1548 782 783 1.0
1549 782 832 1.0
1550 783 784 1.0
1551 783 833 1.0
1552 784 785 1.0
1553 784 834 1.0
1554 785 786 1.0
1555 785 835 1.0
1556 786 787 1.0
1557 786 836 1.0
1558 787 788 1.0
1559 787 837 1.0
1560 788 789 1.0
1561 788 838 1.0
1562 789 790 1.0
1563 789 839 1.0
1564 790 791 1.0
1565 790 840 1.0
1566 791 792 1.0
1567 791 841 1.0
1568 792 793 1.0
1569 792 842 1.0
1570 793 794 1.0
1571 793 843 1.0
1572 794 795 1.0
1573 794 844 1.0
1574 795 796 1.0
1575 795 845 1.0
1576 796 797 1.0
1577 796 846 1.0
1578 797 798 1.0
1579 797 847 1.0
1580 798 799 1.0
1581 798 848 1.0
1582 799 800 1.0
1583 799 849 1.0
1584 800 850 1.0
1585 801 802 1.0
1586 801 851 1.0
1587 802 803 1.0
1588 802 852 1.0
1589 803 804 1.0
1590 803 853 1.0
1591 804 805 1.0
1592 804 854 1.0
1593 805 806 1.0
1594 805 855 1.0
1595 806 807 1.0
1596 806 856 1.0
1597 807 808 1.0
1598 807 857 1.0
1599 808 809 1.0
1600 808 858 1.0
1601 809 810 1.0
1602 809 859 1.0
1603 810 811 1.0
1604 810 860 1.0
1605 811 812 1.0
1606 811 861 1.0
1607 812 813 1.0
1608 812 862 1.0
1609 813 814 1.0
1610 813 863 1.0
1611 814 815 1.0
1612 814 864 1.0
1613 815 816 1.0
1614 815 865 1.0
1615 816 817 1.0
1616 816 866 1.0
1617 817 818 1.0
1618 817 867 1.0
1619 818 819 1.0
1620 818 868 1.0
1621 819 820 1.0
1622 819 869 1.0
1623 820 821 1.0
1624 820 870 1.0
1625 821 822 1.0
1626 821 871 1.0
1627 822 823 1.0
1628 822 872 1.0
1629 823 824 1.0
1630 823 873 1.0
1631 824 825 1.0
1632 824 874 1.0
1633 825 826 1.0
1634 825 875 1.0
1635 826 827 1.0
1636 826 876 1.0
1637 827 828 1.0
1638 827 877 1.0
1639 828 829 1.0
1640 828 878 1.0
1641 829 830 1.0
1642 829 879 1.0
1643 830 831 1.0
1644 830 880 1.0
1645 831 832 1.0
1646 831 881 1.0
1647 832 833 1.0
1648 832 882 1.0
1649 833 834 1.0
1650 833 883 1.0
1651 834 835 1.0
1652 834 884 1.0
1653 835 836 1.0
1654 835 885 1.0
1655 836 837 1.0
1656 836 886 1.0
1657 837 838 1.0
1658 837 887 1.0
1659 838 839 1.0
1660 838 888 1.0
1661 839 840 1.0
1662 839 889 1.0
1663 840 841 1.0
1664 840 890 1.0
1665 841 842 1.0
1666 841 891 1.0
1667 842 843 1.0
1668 842 892 1.0
1669 843 844 1.0
1670 843 893 1.0
1671 844 845 1.0
1672 844 894 1.0
1673 845 846 1.0
1674 845 895 1.0
1675 846 847 1.0
1676 846 896 1.0
1677 847 848 1.0
1678 847 897 1.0
1679 848 849 1.0
1680 848 898 1.0
1681 849 850 1.0
1682 849 899 1.0
1683 850 900 1.0
1684 851 852 1.0
1685 851 901 1.0
1686 852 853 1.0
1687 852 902 1.0
1688 853 854 1.0
1689 853 903 1.0
1690 854 855 1.0
1691 854 904 1.0
1692 855 856 1.0
1693 855 905 1.0
1694 856 857 1.0
1695 856 906 1.0
1696 857 858 1.0
1697 857 907 1.0
1698 858 859 1.0
1699 858 908 1.0
1700 859 860 1.0
1701 859 909 1.0
1702 860 861 1.0
1703 860 910 1.0
1704 861 862 1.0
1705 861 911 1.0
1706 862 863 1.0
1707 862 912 1.0
1708 863 864 1.0
1709 863 913 1.0
1710 864 865 1.0
1711 864 914 1.0
1712 865 866 1.0
1713 865 915 1.0
1714 866 867 1.0
1715 866 916 1.0
1716 867 868 1.0
1717 867 917 1.0
1718 868 869 1.0
1719 868 918 1.0
1720 869 870 1.0
1721 869 919 1.0
1722 870 871 1.0
1723 870 920 1.0
1724 871 872 1.0
1725 871 921 1.0
1726 872 873 1.0
1727 872 922 1.0
1728 873 874 1.0
1729 873 923 1.0
1730 874 875 1.0
1731 874 924 1.0
1732 875 876 1.0
1733 875 925 1.0
1734 876 877 1.0
1735 876 926 1.0
1736 877 878 1.0
1737 877 927 1.0
1738 878 879 1.0
1739 878 928 1.0
1740 879 880 1.0
1741 879 929 1.0
1742 880 881 1.0
1743 880 930 1.0
1744 881 882 1.0
1745 881 931 1.0
1746 882 883 1.0
1747 882 932 1.0
1748 883 884 1.0
1749 883 933 1.0
1750 884 885 1.0
1751 884 934 1.0
1752 885 886 1.0
1753 885 935 1.0
1754 886 887 1.0
1755 886 936 1.0
1756 887 888 1.0
1757 887 937 1.0
1758 888 889 1.0
1759 888 938 1.0
1760 889 890 1.0
1761 889 939 1.0
1762 890 891 1.0
1763 890 940 1.0
1764 891 892 1.0
1765 891 941 1.0
1766 892 893 1.0
1767 892 942 1.0
1768 893 894 1.0
1769 893 943 1.0
1770 894 895 1.0
1771 894 944 1.0
1772 895 896 1.0
1773 895 945 1.0
1774 896 897 1.0
1775 896 946 1.0
1776 897 898 1.0
1777 897 947 1.0
1778 898 899 1.0
1779 898 948 1.0
1780 899 900 1.0
1781 899 949 1.0
1782 900 950 1.0
1783 901 902 1.0
1784 901 951 1.0
1785 902 903 1.0
1786 902 952 1.0
1787 903 904 1.0
1788 903 953 1.0
1789 904 905 1.0
1790 904 954 1.0
1791 905 906 1.0
1792 905 955 1.0
1793 906 907 1.0
1794 906 956 1.0
1795 907 908 1.0
1796 907 957 1.0
1797 908 909 1.0
1798 908 958 1.0
1799 909 910 1.0
1800 909 959 1.0
1801 910 911 1.0
1802 910 960 1.0
1803 911 912 1.0
1804 911 961 1.0
1805 912 913 1.0
1806 912 962 1.0
1807 913 914 1.0
1808 913 963 1.0
1809 914 915 1.0
1810 914 964 1.0
1811 915 916 1.0
1812 915 965 1.0
1813 916 917 1.0
1814 916 966 1.0
1815 917 918 1.0
1816 917 967 1.0
1817 918 919 1.0
1818 918 968 1.0
1819 919 920 1.0
1820 919 969 1.0
1821 920 921 1.0
1822 920 970 1.0
1823 921 922 1.0
1824 921 971 1.0
1825 922 923 1.0
1826 922 972 1.0
1827 923 924 1.0
1828 923 973 1.0
1829 924 925 1.0
1830 924 974 1.0
1831 925 926 1.0
1832 925 975 1.0
1833 926 927 1.0
1834 926 976 1.0
1835 927 928 1.0
1836 927 977 1.0
1837 928 929 1.0
1838 928 978 1.0
1839 929 930 1.0
1840 929 979 1.0
1841 930 931 1.0
1842 930 980 1.0
1843 931 932 1.0
1844 931 981 1.0
1845 932 933 1.0
1846 932 982 1.0
1847 933 934 1.0
1848 933 983 1.0
1849 934 935 1.0
1850 934 984 1.0
1851 935 936 1.0
1852 935 985 1.0
1853 936 937 1.0
1854 936 986 1.0
1855 937 938 1.0
1856 937 987 1.0
1857 938 939 1.0
1858 938 988 1.0
1859 939 940 1.0
1860 939 989 1.0
1861 940 941 1.0
1862 940 990 1.0
1863 941 942 1.0
1864 941 991 1.0
1865 942 943 1.0
1866 942 992 1.0
1867 943 944 1.0
1868 943 993 1.0
1869 944 945 1.0
1870 944 994 1.0
1871 945 946 1.0
1872 945 995 1.0
1873 946 947 1.0
1874 946 996 1.0
1875 947 948 1.0
1876 947 997 1.0
1877 948 949 1.0
1878 948 998 1.0
1879 949 950 1.0
1880 949 999 1.0
1881 950 1000 1.0
1882 951 952 1.0
1883 951 1001 1.0
1884 952 953 1.0
1885 952 1002 1.0
1886 953 954 1.0
1887 953 1003 1.0
1888 954 955 1.0
1889 954 1004 1.0
1890 955 956 1.0
1891 955 1005 1.0
1892 956 957 1.0
1893 956 1006 1.0
1894 957 958 1.0
1895 957 1007 1.0
1896 958 959 1.0
1897 958 1008 1.0
1898 959 960 1.0
1899 959 1009 1.0
1900 960 961 1.0
1901 960 1010 1.0
1902 961 962 1.0
1903 961 1011 1.0
1904 962 963 1.0
1905 962 1012 1.0
1906 963 964 1.0
1907 963 1013 1.0
1908 964 965 1.0
1909 964 1014 1.0
1910 965 966 1.0
1911 965 1015 1.0
1912 966 967 1.0
1913 966 1016 1.0
1914 967 968 1.0
1915 967 1017 1.0
1916 968 969 1.0
1917 968 1018 1.0
1918 969 970 1.0
1919 969 1019 1.0
1920 970 971 1.0
1921 970 1020 1.0
1922 971 972 1.0
1923 971 1021 1.0
1924 972 973 1.0
1925 972 1022 1.0
1926 973 974 1.0
1927 973 1023 1.0
1928 974 975 1.0
1929 974 1024 1.0
1930 975 976 1.0
1931 975 1025 1.0
1932 976 977 1.0
1933 976 1026 1.0
1934 977 978 1.0
1935 977 1027 1.0
1936 978 979 1.0
1937 978 1028 1.0
1938 979 980 1.0
1939 979 1029 1.0
1940 980 981 1.0
1941 980 1030 1.0
1942 981 982 1.0
1943 981 1031 1.0
1944 982 983 1.0
1945 982 1032 1.0
1946 983 984 1.0
1947 983 1033 1.0
1948 984 985 1.0
1949 984 1034 1.0
1950 985 986 1.0
1951 985 1035 1.0
1952 986 987 1.0
1953 986 1036 1.0
1954 987 988 1.0
1955 987 1037 1.0
1956 988 989 1.0
1957 988 1038 1.0
1958 989 990 1.0
1959 989 1039 1.0
1960 990 991 1.0
1961 990 1040 1.0
1962 991 992 1.0
1963 991 1041 1.0
1964 992 993 1.0
1965 992 1042 1.0
1966 993 994 1.0
1967 993 1043 1.0
1968 994 995 1.0
1969 994 1044 1.0
1970 995 996 1.0
1971 995 1045 1.0
1972 996 997 1.0
1973 996 1046 1.0
1974 997 998 1.0
1975 997 1047 1.0
1976 998 999 1.0
1977 998 1048 1.0
1978 999 1000 1.0
1979 999 1049 1.0
1980 1000 1050 1.0
1981 1001 1002 1.0
1982 1001 1051 1.0
1983 1002 1003 1.0
1984 1002 1052 1.0
1985 1003 1004 1.0
1986 1003 1053 1.0
1987 1004 1005 1.0
1988 1004 1054 1.0
1989 1005 1006 1.0
1990 1005 1055 1.0
1991 1006 1007 1.0
1992 1006 1056 1.0
1993 1007 1008 1.0
1994 1007 1057 1.0
1995 1008 1009 1.0
1996 1008 1058 1.0
1997 1009 1010 1.0
1998 1009 1059 1.0
1999 1010 1011 1.0
2000 1010 1060 1.0
2001 1011 1012 1.0
2002 1011 1061 1.0
2003 1012 1013 1.0
2004 1012 1062 1.0
2005 1013 1014 1.0
2006 1013 1063 1.0
2007 1014 1015 1.0
2008 1014 1064 1.0
2009 1015 1016 1.0
2010 1015 1065 1.0
2011 1016 1017 1.0
2012 1016 1066 1.0
2013 1017 1018 1.0
2014 1017 1067 1.0
2015 1018 1019 1.0
2016 1018 1068 1.0
2017 1019 1020 1.0
2018 1019 1069 1.0
2019 1020 1021 1.0
2020 1020 1070 1.0
2021 1021 1022 1.0
2022 1021 1071 1.0
2023 1022 1023 1.0
2024 1022 1072 1.0
2025 1023 1024 1.0
2026 1023 1073 1.0
2027 1024 1025 1.0
2028 1024 1074 1.0
2029 1025 1026 1.0
2030 1025 1075 1.0
2031 1026 1027 1.0
2032 1026 1076 1.0
2033 1027 1028 1.0
2034 1027 1077 1.0
2035 1028 1029 1.0
2036 1028 1078 1.0
2037 1029 1030 1.0
2038 1029 1079 1.0
2039 1030 1031 1.0
2040 1030 1080 1.0
2041 1031 1032 1.0
2042 1031 1081 1.0
2043 1032 1033 1.0
2044 1032 1082 1.0
2045 1033 1034 1.0
2046 1033 1083 1.0
2047 1034 1035 1.0
2048 1034 1084 1.0
2049 1035 1036 1.0
2050 1035 1085 1.0
2051 1036 1037 1.0
2052 1036 1086 1.0
2053 1037 1038 1.0
2054 1037 1087 1.0
2055 1038 1039 1.0
2056 1038 1088 1.0
2057 1039 1040 1.0
2058 1039 1089 1.0
2059 1040 1041 1.0
2060 1040 1090 1.0
2061 1041 1042 1.0
2062 1041 1091 1.0
2063 1042 1043 1.0
2064 1042 1092 1.0
2065 1043 1044 1.0
2066 1043 1093 1.0
2067 1044 1045 1.0
2068 1044 1094 1.0
2069 1045 1046 1.0
2070 1045 1095 1.0
2071 1046 1047 1.0
2072 1046 1096 1.0
2073 1047 1048 1.0
2074 1047 1097 1.0
2075 1048 1049 1.0
2076 1048 1098 1.0
2077 1049 1050 1.0
2078 1049 1099 1.0
2079 1050 1100 1.0
2080 1051 1052 1.0
2081 1051 1101 1.0
2082 1052 1053 1.0
2083 1052 1102 1.0
2084 1053 1054 1.0
2085 1053 1103 1.0
2086 1054 1055 1.0
2087 1054 1104 1.0
2088 1055 1056 1.0
2089 1055 1105 1.0
2090 1056 1057 1.0
2091 1056 1106 1.0
2092 1057 1058 1.0
2093 1057 1107 1.0
2094 1058 1059 1.0
2095 1058 1108 1.0
2096 1059 1060 1.0
2097 1059 1109 1.0
2098 1060 1061 1.0
2099 1060 1110 1.0
2100 1061 1062 1.0
2101 1061 1111 1.0
2102 1062 1063 1.0
2103 1062 1112 1.0
2104 1063 1064 1.0
2105 1063 1113 1.0
2106 1064 1065 1.0
2107 1064 1114 1.0
2108 1065 1066 1.0
2109 1065 1115 1.0
2110 1066 1067 1.0
2111 1066 1116 1.0
2112 1067 1068 1.0
2113 1067 1117 1.0
2114 1068 1069 1.0
2115 1068 1118 1.0
2116 1069 1070 1.0
2117 1069 1119 1.0
2118 1070 1071 1.0
2119 1070 1120 1.0
2120 1071 1072 1.0
2121 1071 1121 1.0
2122 1072 1073 1.0
2123 1072 1122 1.0
2124 1073 1074 1.0
2125 1073 1123 1.0
2126 1074 1075 1.0
2127 1074 1124 1.0
2128 1075 1076 1.0
2129 1075 1125 1.0
2130 1076 1077 1.0
2131 1076 1126 1.0
2132 1077 1078 1.0
2133 1077 1127 1.0
2134 1078 1079 1.0
2135 1078 1128 1.0
2136 1079 1080 1.0
2137 1079 1129 1.0
2138 1080 1081 1.0
2139 1080 1130 1.0
2140 1081 1082 1.0
2141 1081 1131 1.0
2142 1082 1083 1.0
2143 1082 1132 1.0
2144 1083 1084 1.0
2145 1083 1133 1.0
2146 1084 1085 1.0
2147 1084 1134 1.0
2148 1085 1086 1.0
2149 1085 1135 1.0
2150 1086 1087 1.0
2151 1086 1136 1.0
2152 1087 1088 1.0
2153 1087 1137 1.0
2154 1088 1089 1.0
2155 1088 1138 1.0
2156 1089 1090 1.0
2157 1089 1139 1.0
2158 1090 1091 1.0
2159 1090 1140 1.0
2160 1091 1092 1.0
2161 1091 1141 1.0
2162 1092 1093 1.0
2163 1092 1142 1.0
2164 1093 1094 1.0
2165 1093 1143 1.0
2166 1094 1095 1.0
2167 1094 1144 1.0
2168 1095 1096 1.0
2169 1095 1145 1.0
2170 1096 1097 1.0
2171 1096 1146 1.0
2172 1097 1098 1.0
2173 1097 1147 1.0
2174 1098 1099 1.0
2175 1098 1148 1.0
2176 1099 1100 1.0
2177 1099 1149 1.0
2178 1100 1150 1.0
2179 1101 1102 1.0
2180 1101 1151 1.0
2181 1102 1103 1.0
2182 1102 1152 1.0
2183 1103 1104 1.0
2184 1103 1153 1.0
2185 1104 1105 1.0
2186 1104 1154 1.0
2187 1105 1106 1.0
2188 1105 1155 1.0
2189 1106 1107 1.0
2190 1106 1156 1.0
2191 1107 1108 1.0
2192 1107 1157 1.0
2193 1108 1109 1.0
2194 1108 1158 1.0
2195 1109 1110 1.0
2196 1109 1159 1.0
2197 1110 1111 1.0
2198 1110 1160 1.0
2199 1111 1112 1.0
2200 1111 1161 1.0
2201 1112 1113 1.0
2202 1112 1162 1.0
2203 1113 1114 1.0
2204 1113 1163 1.0
2205 1114 1115 1.0
2206 1114 1164 1.0
2207 1115 1116 1.0
2208 1115 1165 1.0
2209 1116 1117 1.0
2210 1116 1166 1.0
2211 1117 1118 1.0
2212 1117 1167 1.0
2213 1118 1119 1.0
2214 1118 1168 1.0
2215 1119 1120 1.0
2216 1119 1169 1.0
2217 1120 1121 1.0
2218 1120 1170 1.0
2219 1121 1122 1.0
2220 1121 1171 1.0
2221 1122 1123 1.0
2222 1122 1172 1.0
2223 1123 1124 1.0
2224 1123 1173 1.0
2225 1124 1125 1.0
2226 1124 1174 1.0
2227 1125 1126 1.0
2228 1125 1175 1.0
2229 1126 1127 1.0
2230 1126 1176 1.0
2231 1127 1128 1.0
2232 1127 1177 1.0
2233 1128 1129 1.0
2234 1128 1178 1.0
2235 1129 1130 1.0
2236 1129 1179 1.0
2237 1130 1131 1.0
2238 1130 1180 1.0
2239 1131 1132 1.0
2240 1131 1181 1.0
2241 1132 1133 1.0
2242 1132 1182 1.0
2243 1133 1134 1.0
2244 1133 1183 1.0
2245 1134 1135 1.0
2246 1134 1184 1.0
2247 1135 1136 1.0
2248 1135 1185 1.0
2249 1136 1137 1.0
2250 1136 1186 1.0
2251 1137 1138 1.0
2252 1137 1187 1.0
2253 1138 1139 1.0
2254 1138 1188 1.0
2255 1139 1140 1.0
2256 1139 1189 1.0
2257 1140 1141 1.0
2258 1140 1190 1.0
2259 1141 1142 1.0
2260 1141 1191 1.0
2261 1142 1143 1.0
2262 1142 1192 1.0
2263 1143 1144 1.0
2264 1143 1193 1.0
2265 1144 1145 1.0
2266 1144 1194 1.0
2267 1145 1146 1.0
2268 1145 1195 1.0
2269 1146 1147 1.0
2270 1146 1196 1.0
2271 1147 1148 1.0
2272 1147 1197 1.0
2273 1148 1149 1.0
2274 1148 1198 1.0
2275 1149 1150 1.0
2276 1149 1199 1.0
2277 1150 1200 1.0
2278 1151 1152 1.0
2279 1151 1201 1.0
2280 1152 1153 1.0
2281 1152 1202 1.0
2282 1153 1154 1.0
2283 1153 1203 1.0
2284 1154 1155 1.0
2285 1154 1204 1.0
2286 1155 1156 1.0
2287 1155 1205 1.0
2288 1156 1157 1.0
2289 1156 1206 1.0
2290 1157 1158 1.0
2291 1157 1207 1.0
2292 1158 1159 1.0
2293 1158 1208 1.0
2294 1159 1160 1.0
2295 1159 1209 1.0
2296 1160 1161 1.0
2297 1160 1210 1.0
2298 1161 1162 1.0
2299 1161 1211 1.0
2300 1162 1163 1.0
2301 1162 1212 1.0
2302 1163 1164 1.0
2303 1163 1213 1.0
2304 1164 1165 1.0
2305 1164 1214 1.0
2306 1165 1166 1.0
2307 1165 1215 1.0
2308 1166 1167 1.0
2309 1166 1216 1.0
2310 1167 1168 1.0
2311 1167 1217 1.0
2312 1168 1169 1.0
2313 1168 1218 1.0
2314 1169 1170 1.0
2315 1169 1219 1.0
2316 1170 1171 1.0
2317 1170 1220 1.0
2318 1171 1172 1.0
2319 1171 1221 1.0
2320 1172 1173 1.0
2321 1172 1222 1.0
2322 1173 1174 1.0
2323 1173 1223 1.0
2324 1174 1175 1.0
2325 1174 1224 1.0
2326 1175 1176 1.0
2327 1175 1225 1.0
2328 1176 1177 1.0
2329 1176 1226 1.0
2330 1177 1178 1.0
2331 1177 1227 1.0
2332 1178 1179 1.0
2333 1178 1228 1.0
2334 1179 1180 1.0
2335 1179 1229 1.0
2336 1180 1181 1.0
2337 1180 1230 1.0
2338 1181 1182 1.0
2339 1181 1231 1.0
2340 1182 1183 1.0
2341 1182 1232 1.0
2342 1183 1184 1.0
2343 1183 1233 1.0
2344 1184 1185 1.0
2345 1184 1234 1.0
2346 1185 1186 1.0
2347 1185 1235 1.0
2348 1186 1187 1.0
2349 1186 1236 1.0
2350 1187 1188 1.0
2351 1187 1237 1.0
2352 1188 1189 1.0
2353 1188 1238 1.0
2354 1189 1190 1.0
2355 1189 1239 1.0
2356 1190 1191 1.0
2357 1190 1240 1.0
2358 1191 1192 1.0
2359 1191 1241 1.0
2360 1192 1193 1.0
2361 1192 1242 1.0
2362 1193 1194 1.0
2363 1193 1243 1.0
2364 1194 1195 1.0
2365 1194 1244 1.0
2366 1195 1196 1.0
2367 1195 1245 1.0
2368 1196 1197 1.0
2369 1196 1246 1.0
2370 1197 1198 1.0
2371 1197 1247 1.0
2372 1198 1199 1.0
2373 1198 1248 1.0
2374 1199 1200 1.0
2375 1199 1249 1.0
2376 1200 1250 1.0
2377 1201 1202 1.0
2378 1201 1251 1.0
2379 1202 1203 1.0
2380 1202 1252 1.0
2381 1203 1204 1.0
2382 1203 1253 1.0
2383 1204 1205 1.0
2384 1204 1254 1.0
2385 1205 1206 1.0
2386 1205 1255 1.0
2387 1206 1207 1.0
2388 1206 1256 1.0
2389 1207 1208 1.0
2390 1207 1257 1.0
2391 1208 1209 1.0
2392 1208 1258 1.0
2393 1209 1210 1.0
2394 1209 1259 1.0
2395 1210 1211 1.0
2396 1210 1260 1.0
2397 1211 1212 1.0
2398 1211 1261 1.0
2399 1212 1213 1.0
2400 1212 1262 1.0
2401 1213 1214 1.0
2402 1213 1263 1.0
2403 1214 1215 1.0
2404 1214 1264 1.0
2405 1215 1216 1.0
2406 1215 1265 1.0
2407 1216 1217 1.0
2408 1216 1266 1.0
2409 1217 1218 1.0
2410 1217 1267 1.0
2411 1218 1219 1.0
2412 1218 1268 1.0
2413 1219 1220 1.0
2414 1219 1269 1.0
2415 1220 1221 1.0
2416 1220 1270 1.0
2417 1221 1222 1.0
2418 1221 1271 1.0
2419 1222 1223 1.0
2420 1222 1272 1.0
2421 1223 1224 1.0
2422 1223 1273 1.0
2423 1224 1225 1.0
2424 1224 1274 1.0
2425 1225 1226 1.0
2426 1225 1275 1.0
2427 1226 1227 1.0
2428 1226 1276 1.0
2429 1227 1228 1.0
2430 1227 1277 1.0
2431 1228 1229 1.0
2432 1228 1278 1.0
2433 1229 1230 1.0
2434 1229 1279 1.0
2435 1230 1231 1.0
2436 1230 1280 1.0
2437 1231 1232 1.0
2438 1231 1281 1.0
2439 1232 1233 1.0
2440 1232 1282 1.0
2441 1233 1234 1.0
2442 1233 1283 1.0
2443 1234 1235 1.0
2444 1234 1284 1.0
2445 1235 1236 1.0
2446 1235 1285 1.0
2447 1236 1237 1.0
2448 1236 1286 1.0
2449 1237 1238 1.0
2450 1237 1287 1.0
2451 1238 1239 1.0
2452 1238 1288 1.0
2453 1239 1240 1.0
2454 1239 1289 1.0
2455 1240 1241 1.0
2456 1240 1290 1.0
2457 1241 1242 1.0
2458 1241 1291 1.0
2459 1242 1243 1.0
2460 1242 1292 1.0
2461 1243 1244 1.0
2462 1243 1293 1.0
2463 1244 1245 1.0
2464 1244 1294 1.0
2465 1245 1246 1.0
2466 1245 1295 1.0
2467 1246 1247 1.0
2468 1246 1296 1.0
2469 1247 1248 1.0
2470 1247 1297 1.0
2471 1248 1249 1.0
2472 1248 1298 1.0
2473 1249 1250 1.0
2474 1249 1299 1.0
2475 1250 1300 1.0
2476 1251 1252 1.0
2477 1251 1301 1.0
2478 1252 1253 1.0
2479 1252 1302 1.0
2480 1253 1254 1.0
2481 1253 1303 1.0
2482 1254 1255 1.0
2483 1254 1304 1.0
2484 1255 1256 1.0
2485 1255 1305 1.0
2486 1256 1257 1.0
2487 1256 1306 1.0
2488 1257 1258 1.0
2489 1257 1307 1.0
2490 1258 1259 1.0
2491 1258 1308 1.0
2492 1259 1260 1.0
2493 1259 1309 1.0
2494 1260 1261 1.0
2495 1260 1310 1.0
2496 1261 1262 1.0
2497 1261 1311 1.0
2498 1262 1263 1.0
2499 1262 1312 1.0
2500 1263 1264 1.0
2501 1263 1313 1.0
2502 1264 1265 1.0
2503 1264 1314 1.0
2504 1265 1266 1.0
2505 1265 1315 1.0
2506 1266 1267 1.0
2507 1266 1316 1.0
2508 1267 1268 1.0
2509 1267 1317 1.0
2510 1268 1269 1.0
2511 1268 1318 1.0
2512 1269 1270 1.0
2513 1269 1319 1.0
2514 1270 1271 1.0
2515 1270 1320 1.0
2516 1271 1272 1.0
2517 1271 1321 1.0
2518 1272 1273 1.0
2519 1272 1322 1.0
2520 1273 1274 1.0
2521 1273 1323 1.0
2522 1274 1275 1.0
2523 1274 1324 1.0
2524 1275 1276 1.0
2525 1275 1325 1.0
2526 1276 1277 1.0
2527 1276 1326 1.0
2528 1277 1278 1.0
2529 1277 1327 1.0
2530 1278 1279 1.0
2531 1278 1328 1.0
2532 1279 1280 1.0
2533 1279 1329 1.0
2534 1280 1281 1.0
2535 1280 1330 1.0
2536 1281 1282 1.0
2537 1281 1331 1.0
2538 1282 1283 1.0
2539 1282 1332 1.0
2540 1283 1284 1.0
2541 1283 1333 1.0
2542 1284 1285 1.0
2543 1284 1334 1.0
2544 1285 1286 1.0
2545 1285 1335 1.0
2546 1286 1287 1.0
2547 1286 1336 1.0
2548 1287 1288 1.0
2549 1287 1337 1.0
2550 1288 1289 1.0
2551 1288 1338 1.0
2552 1289 1290 1.0
2553 1289 1339 1.0
2554 1290 1291 1.0
2555 1290 1340 1.0
2556 1291 1292 1.0
2557 1291 1341 1.0
2558 1292 1293 1.0
2559 1292 1342 1.0
2560 1293 1294 1.0
2561 1293 1343 1.0
2562 1294 1295 1.0
2563 1294 1344 1.0
2564 1295 1296 1.0
2565 1295 1345 1.0
2566 1296 1297 1.0
2567 1296 1346 1.0
2568 1297 1298 1.0
2569 1297 1347 1.0
2570 1298 1299 1.0
2571 1298 1348 1.0
2572 1299 1300 1.0
2573 1299 1349 1.0
2574 1300 1350 1.0
2575 1301 1302 1.0
2576 1301 1351 1.0
2577 1302 1303 1.0
2578 1302 1352 1.0
2579 1303 1304 1.0
2580 1303 1353 1.0
2581 1304 1305 1.0
2582 1304 1354 1.0
2583 1305 1306 1.0
2584 1305 1355 1.0
2585 1306 1307 1.0
2586 1306 1356 1.0
2587 1307 1308 1.0
2588 1307 1357 1.0
2589 1308 1309 1.0
2590 1308 1358 1.0
2591 1309 1310 1.0
2592 1309 1359 1.0
2593 1310 1311 1.0
2594 1310 1360 1.0
2595 1311 1312 1.0
2596 1311 1361 1.0
2597 1312 1313 1.0
2598 1312 1362 1.0
2599 1313 1314 1.0
2600 1313 1363 1.0
2601 1314 1315 1.0
2602 1314 1364 1.0
2603 1315 1316 1.0
2604 1315 1365 1.0
2605 1316 1317 1.0
2606 1316 1366 1.0
2607 1317 1318 1.0
2608 1317 1367 1.0
2609 1318 1319 1.0
2610 1318 1368 1.0
2611 1319 1320 1.0
2612 1319 1369 1.0
2613 1320 1321 1.0
2614 1320 1370 1.0
2615 1321 1322 1.0
2616 1321 1371 1.0
2617 1322 1323 1.0
2618 1322 1372 1.0
2619 1323 1324 1.0
2620 1323 1373 1.0
2621 1324 1325 1.0
2622 1324 1374 1.0
2623 1325 1326 1.0
2624 1325 1375 1.0
2625 1326 1327 1.0
2626 1326 1376 1.0
2627 1327 1328 1.0
2628 1327 1377 1.0
2629 1328 1329 1.0
2630 1328 1378 1.0
2631 1329 1330 1.0
2632 1329 1379 1.0
2633 1330 1331 1.0
2634 1330 1380 1.0
2635 1331 1332 1.0
2636 1331 1381 1.0
2637 1332 1333 1.0
2638 1332 1382 1.0
2639 1333 1334 1.0
2640 1333 1383 1.0
2641 1334 1335 1.0
2642 1334 1384 1.0
2643 1335 1336 1.0
2644 1335 1385 1.0
2645 1336 1337 1.0
2646 1336 1386 1.0
2647 1337 1338 1.0
2648 1337 1387 1.0
2649 1338 1339 1.0
2650 1338 1388 1.0
2651 1339 1340 1.0
2652 1339 1389 1.0
2653 1340 1341 1.0
2654 1340 1390 1.0
2655 1341 1342 1.0
2656 1341 1391 1.0
2657 1342 1343 1.0
2658 1342 1392 1.0
2659 1343 1344 1.0
2660 1343 1393 1.0
2661 1344 1345 1.0
2662 1344 1394 1.0
2663 1345 1346 1.0
2664 1345 1395 1.0
2665 1346 1347 1.0
2666 1346 1396 1.0
2667 1347 1348 1.0
2668 1347 1397 1.0
2669 1348 1349 1.0
2670 1348 1398 1.0
2671 1349 1350 1.0
2672 1349 1399 1.0
2673 1350 1400 1.0
2674 1351 1352 1.0
2675 1351 1401 1.0
2676 1352 1353 1.0
2677 1352 1402 1.0
2678 1353 1354 1.0
2679 1353 1403 1.0
2680 1354 1355 1.0
2681 1354 1404 1.0
2682 1355 1356 1.0
2683 1355 1405 1.0
2684 1356 1357 1.0
2685 1356 1406 1.0
2686 1357 1358 1.0
2687 1357 1407 1.0
2688 1358 1359 1.0
2689 1358 1408 1.0
2690 1359 1360 1.0
2691 1359 1409 1.0
2692 1360 1361 1.0
2693 1360 1410 1.0
2694 1361 1362 1.0
2695 1361 1411 1.0
2696 1362 1363 1.0
2697 1362 1412 1.0
2698 1363 1364 1.0
2699 1363 1413 1.0
2700 1364 1365 1.0
2701 1364 1414 1.0
2702 1365 1366 1.0
2703 1365 1415 1.0
2704 1366 1367 1.0
2705 1366 1416 1.0
2706 1367 1368 1.0
2707 1367 1417 1.0
2708 1368 1369 1.0
2709 1368 1418 1.0
2710 1369 1370 1.0
2711 1369 1419 1.0
2712 1370 1371 1.0
2713 1370 1420 1.0
2714 1371 1372 1.0
2715 1371 1421 1.0
2716 1372 1373 1.0
2717 1372 1422 1.0
2718 1373 1374 1.0
2719 1373 1423 1.0
2720 1374 1375 1.0
2721 1374 1424 1.0
2722 1375 1376 1.0
2723 1375 1425 1.0
2724 1376 1377 1.0
2725 1376 1426 1.0
2726 1377 1378 1.0
2727 1377 1427 1.0
2728 1378 1379 1.0
2729 1378 1428 1.0
2730 1379 1380 1.0
2731 1379 1429 1.0
2732 1380 1381 1.0
2733 1380 1430 1.0
2734 1381 1382 1.0
2735 1381 1431 1.0
2736 1382 1383 1.0
2737 1382 1432 1.0
2738 1383 1384 1.0
2739 1383 1433 1.0
2740 1384 1385 1.0
2741 1384 1434 1.0
2742 1385 1386 1.0
2743 1385 1435 1.0
2744 1386 1387 1.0
2745 1386 1436 1.0
2746 1387 1388 1.0
2747 1387 1437 1.0
2748 1388 1389 1.0
2749 1388 1438 1.0
2750 1389 1390 1.0
2751 1389 1439 1.0
2752 1390 1391 1.0
2753 1390 1440 1.0
2754 1391 1392 1.0
2755 1391 1441 1.0
2756 1392 1393 1.0
2757 1392 1442 1.0
2758 1393 1394 1.0
2759 1393 1443 1.0
2760 1394 1395 1.0
2761 1394 1444 1.0
2762 1395 1396 1.0
2763 1395 1445 1.0
2764 1396 1397 1.0
2765 1396 1446 1.0
2766 1397 1398 1.0
2767 1397 1447 1.0
2768 1398 1399 1.0
2769 1398 1448 1.0
2770 1399 1400 1.0
2771 1399 1449 1.0
2772 1400 1450 1.0
2773 1401 1402 1.0
2774 1401 1451 1.0
2775 1402 1403 1.0
2776 1402 1452 1.0
2777 1403 1404 1.0
2778 1403 1453 1.0
2779 1404 1405 1.0
2780 1404 1454 1.0
2781 1405 1406 1.0
2782 1405 1455 1.0
2783 1406 1407 1.0
2784 1406 1456 1.0
2785 1407 1408 1.0
2786 1407 1457 1.0
2787 1408 1409 1.0
2788 1408 1458 1.0
2789 1409 1410 1.0
2790 1409 1459 1.0
2791 1410 1411 1.0
2792 1410 1460 1.0
2793 1411 1412 1.0
2794 1411 1461 1.0
2795 1412 1413 1.0
2796 1412 1462 1.0
2797 1413 1414 1.0
2798 1413 1463 1.0
2799 1414 1415 1.0
2800 1414 1464 1.0
2801 1415 1416 1.0
2802 1415 1465 1.0
2803 1416 1417 1.0
2804 1416 1466 1.0
2805 1417 1418 1.0
2806 1417 1467 1.0
2807 1418 1419 1.0
2808 1418 1468 1.0
2809 1419 1420 1.0
2810 1419 1469 1.0
2811 1420 1421 1.0
2812 1420 1470 1.0
2813 1421 1422 1.0
2814 1421 1471 1.0
2815 1422 1423 1.0
2816 1422 1472 1.0
2817 1423 1424 1.0
2818 1423 1473 1.0
2819 1424 1425 1.0
2820 1424 1474 1.0
2821 1425 1426 1.0
2822 1425 1475 1.0
2823 1426 1427 1.0
2824 1426 1476 1.0
2825 1427 1428 1.0
2826 1427 1477 1.0
2827 1428 1429 1.0
2828 1428 1478 1.0
2829 1429 1430 1.0
2830 1429 1479 1.0
2831 1430 1431 1.0
2832 1430 1480 1.0
2833 1431 1432 1.0
2834 1431 1481 1.0
2835 1432 1433 1.0
2836 1432 1482 1.0
2837 1433 1434 1.0
2838 1433 1483 1.0
2839 1434 1435 1.0
2840 1434 1484 1.0
2841 1435 1436 1.0
2842 1435 1485 1.0
2843 1436 1437 1.0
2844 1436 1486 1.0
2845 1437 1438 1.0
2846 1437 1487 1.0
2847 1438 1439 1.0
2848 1438 1488 1.0
2849 1439 1440 1.0
2850 1439 1489 1.0
2851 1440 1441 1.0
2852 1440 1490 1.0
2853 1441 1442 1.0
2854 1441 1491 1.0
2855 1442 1443 1.0
2856 1442 1492 1.0
2857 1443 1444 1.0
2858 1443 1493 1.0
2859 1444 1445 1.0
2860 1444 1494 1.0
2861 1445 1446 1.0
2862 1445 1495 1.0
2863 1446 1447 1.0
2864 1446 1496 1.0
2865 1447 1448 1.0
2866 1447 1497 1.0
2867 1448 1449 1.0
2868 1448 1498 1.0
2869 1449 1450 1.0
2870 1449 1499 1.0
2871 1450 1500 1.0
2872 1451 1452 1.0
2873 1451 1501 1.0
2874 1452 1453 1.0
2875 1452 1502 1.0
2876 1453 1454 1.0
2877 1453 1503 1.0
2878 1454 1455 1.0
2879 1454 1504 1.0
2880 1455 1456 1.0
2881 1455 1505 1.0
2882 1456 1457 1.0
2883 1456 1506 1.0
2884 1457 1458 1.0
2885 1457 1507 1.0
2886 1458 1459 1.0
2887 1458 1508 1.0
2888 1459 1460 1.0
2889 1459 1509 1.0
2890 1460 1461 1.0
2891 1460 1510 1.0
2892 1461 1462 1.0
2893 1461 1511 1.0
2894 1462 1463 1.0
2895 1462 1512 1.0
2896 1463 1464 1.0
2897 1463 1513 1.0
2898 1464 1465 1.0
2899 1464 1514 1.0
2900 1465 1466 1.0
2901 1465 1515 1.0
2902 1466 1467 1.0
2903 1466 1516 1.0
2904 1467 1468 1.0
2905 1467 1517 1.0
2906 1468 1469 1.0
2907 1468 1518 1.0
2908 1469 1470 1.0
2909 1469 1519 1.0
2910 1470 1471 1.0
2911 1470 1520 1.0
2912 1471 1472 1.0
2913 1471 1521 1.0
2914 1472 1473 1.0
2915 1472 1522 1.0
2916 1473 1474 1.0
2917 1473 1523 1.0
2918 1474 1475 1.0
2919 1474 1524 1.0
2920 1475 1476 1.0
2921 1475 1525 1.0
2922 1476 1477 1.0
2923 1476 1526 1.0
2924 1477 1478 1.0
2925 1477 1527 1.0
2926 1478 1479 1.0
2927 1478 1528 1.0
2928 1479 1480 1.0
2929 1479 1529 1.0
2930 1480 1481 1.0
2931 1480 1530 1.0
2932 1481 1482 1.0
2933 1481 1531 1.0
2934 1482 1483 1.0
2935 1482 1532 1.0
2936 1483 1484 1.0
2937 1483 1533 1.0
2938 1484 1485 1.0
2939 1484 1534 1.0
2940 1485 1486 1.0
2941 1485 1535 1.0
2942 1486 1487 1.0
2943 1486 1536 1.0
2944 1487 1488 1.0
2945 1487 1537 1.0
2946 1488 1489 1.0
2947 1488 1538 1.0
2948 1489 1490 1.0
2949 1489 1539 1.0
2950 1490 1491 1.0
2951 1490 1540 1.0
2952 1491 1492 1.0
2953 1491 1541 1.0
2954 1492 1493 1.0
2955 1492 1542 1.0
2956 1493 1494 1.0
2957 1493 1543 1.0
2958 1494 1495 1.0
2959 1494 1544 1.0
2960 1495 1496 1.0
2961 1495 1545 1.0
2962 1496 1497 1.0
2963 1496 1546 1.0
2964 1497 1498 1.0
2965 1497 1547 1.0
2966 1498 1499 1.0
2967 1498 1548 1.0
2968 1499 1500 1.0
2969 1499 1549 1.0
2970 1500 1550 1.0
2971 1501 1502 1.0
2972 1501 1551 1.0
2973 1502 1503 1.0
2974 1502 1552 1.0
2975 1503 1504 1.0
2976 1503 1553 1.0
2977 1504 1505 1.0
2978 1504 1554 1.0
2979 1505 1506 1.0
2980 1505 1555 1.0
2981 1506 1507 1.0
2982 1506 1556 1.0
2983 1507 1508 1.0
2984 1507 1557 1.0
2985 1508 1509 1.0
2986 1508 1558 1.0
2987 1509 1510 1.0
2988 1509 1559 1.0
2989 1510 1511 1.0
2990 1510 1560 1.0
2991 1511 1512 1.0
2992 1511 1561 1.0
2993 1512 1513 1.0
2994 1512 1562 1.0
2995 1513 1514 1.0
2996 1513 1563 1.0
2997 1514 1515 1.0
2998 1514 1564 1.0
2999 1515 1516 1.0
3000 1515 1565 1.0
3001 1516 1517 1.0
3002 1516 1566 1.0
3003 1517 1518 1.0
3004 1517 1567 1.0
3005 1518 1519 1.0
3006 1518 1568 1.0
3007 1519 1520 1.0
3008 1519 1569 1.0
3009 1520 1521 1.0
3010 1520 1570 1.0
3011 1521 1522 1.0
3012 1521 1571 1.0
3013 1522 1523 1.0
3014 1522 1572 1.0
3015 1523 1524 1.0
3016 1523 1573 1.0
3017 1524 1525 1.0
3018 1524 1574 1.0
3019 1525 1526 1.0
3020 1525 1575 1.0
3021 1526 1527 1.0
3022 1526 1576 1.0
3023 1527 1528 1.0
3024 1527 1577 1.0
3025 1528 1529 1.0
3026 1528 1578 1.0
3027 1529 1530 1.0
3028 1529 1579 1.0
3029 1530 1531 1.0
3030 1530 1580 1.0
3031 1531 1532 1.0
3032 1531 1581 1.0
3033 1532 1533 1.0
3034 1532 1582 1.0
3035 1533 1534 1.0
3036 1533 1583 1.0
3037 1534 1535 1.0
3038 1534 1584 1.0
3039 1535 1536 1.0
3040 1535 1585 1.0
3041 1536 1537 1.0
3042 1536 1586 1.0
3043 1537 1538 1.0
3044 1537 1587 1.0
3045 1538 1539 1.0
3046 1538 1588 1.0
3047 1539 1540 1.0
3048 1539 1589 1.0
3049 1540 1541 1.0
3050 1540 1590 1.0
3051 1541 1542 1.0
3052 1541 1591 1.0
3053 1542 1543 1.0
3054 1542 1592 1.0
3055 1543 1544 1.0
3056 1543 1593 1.0
3057 1544 1545 1.0
3058 1544 1594 1.0
3059 1545 1546 1.0
3060 1545 1595 1.0
3061 1546 1547 1.0
3062 1546 1596 1.0
3063 1547 1548 1.0
3064 1547 1597 1.0
3065 1548 1549 1.0
3066 1548 1598 1.0
3067 1549 1550 1.0
3068 1549 1599 1.0
3069 1550 1600 1.0
3070 1551 1552 1.0
3071 1551 1601 1.0
3072 1552 1553 1.0
3073 1552 1602 1.0
3074 1553 1554 1.0
3075 1553 1603 1.0
3076 1554 1555 1.0
3077 1554 1604 1.0
3078 1555 1556 1.0
3079 1555 1605 1.0
3080 1556 1557 1.0
3081 1556 1606 1.0
3082 1557 1558 1.0
3083 1557 1607 1.0
3084 1558 1559 1.0
3085 1558 1608 1.0
3086 1559 1560 1.0
3087 1559 1609 1.0
3088 1560 1561 1.0
3089 1560 1610 1.0
3090 1561 1562 1.0
3091 1561 1611 1.0
3092 1562 1563 1.0
3093 1562 1612 1.0
3094 1563 1564 1.0
3095 1563 1613 1.0
3096 1564 1565 1.0
3097 1564 1614 1.0
3098 1565 1566 1.0
3099 1565 1615 1.0
3100 1566 1567 1.0
3101 1566 1616 1.0
3102 1567 1568 1.0
3103 1567 1617 1.0
3104 1568 1569 1.0
3105 1568 1618 1.0
3106 1569 1570 1.0
3107 1569 1619 1.0
3108 1570 1571 1.0
3109 1570 1620 1.0
3110 1571 1572 1.0
3111 1571 1621 1.0
3112 1572 1573 1.0
3113 1572 1622 1.0
3114 1573 1574 1.0
3115 1573 1623 1.0
3116 1574 1575 1.0
3117 1574 1624 1.0
3118 1575 1576 1.0
3119 1575 1625 1.0
3120 1576 1577 1.0
3121 1576 1626 1.0
3122 1577 1578 1.0
3123 1577 1627 1.0
3124 1578 1579 1.0
3125 1578 1628 1.0
3126 1579 1580 1.0
3127 1579 1629 1.0
3128 1580 1581 1.0
3129 1580 1630 1.0
3130 1581 1582 1.0
3131 1581 1631 1.0
3132 1582 1583 1.0
3133 1582 1632 1.0
3134 1583 1584 1.0
3135 1583 1633 1.0
3136 1584 1585 1.0
3137 1584 1634 1.0
3138 1585 1586 1.0
3139 1585 1635 1.0
3140 1586 1587 1.0
3141 1586 1636 1.0
3142 1587 1588 1.0
3143 1587 1637 1.0
3144 1588 1589 1.0
3145 1588 1638 1.0
3146 1589 1590 1.0
3147 1589 1639 1.0
3148 1590 1591 1.0
3149 1590 1640 1.0
3150 1591 1592 1.0
3151 1591 1641 1.0
3152 1592 1593 1.0
3153 1592 1642 1.0
3154 1593 1594 1.0
3155 1593 1643 1.0
3156 1594 1595 1.0
3157 1594 1644 1.0
3158 1595 1596 1.0
3159 1595 1645 1.0
3160 1596 1597 1.0
3161 1596 1646 1.0
3162 1597 1598 1.0
3163 1597 1647 1.0
3164 1598 1599 1.0
3165 1598 1648 1.0
3166 1599 1600 1.0
3167 1599 1649 1.0
3168 1600 1650 1.0
3169 1601 1602 1.0
3170 1601 1651 1.0
3171 1602 1603 1.0
3172 1602 1652 1.0
3173 1603 1604 1.0
3174 1603 1653 1.0
3175 1604 1605 1.0
3176 1604 1654 1.0
3177 1605 1606 1.0
3178 1605 1655 1.0
3179 1606 1607 1.0
3180 1606 1656 1.0
3181 1607 1608 1.0
3182 1607 1657 1.0
3183 1608 1609 1.0
3184 1608 1658 1.0
3185 1609 1610 1.0
3186 1609 1659 1.0
3187 1610 1611 1.0
3188 1610 1660 1.0
3189 1611 1612 1.0
3190 1611 1661 1.0
3191 1612 1613 1.0
3192 1612 1662 1.0
3193 1613 1614 1.0
3194 1613 1663 1.0
3195 1614 1615 1.0
3196 1614 1664 1.0
3197 1615 1616 1.0
3198 1615 1665 1.0
3199 1616 1617 1.0
3200 1616 1666 1.0
3201 1617 1618 1.0
3202 1617 1667 1.0
3203 1618 1619 1.0
3204 1618 1668 1.0
3205 1619 1620 1.0
3206 1619 1669 1.0
3207 1620 1621 1.0
3208 1620 1670 1.0
3209 1621 1622 1.0
3210 1621 1671 1.0
3211 1622 1623 1.0
3212 1622 1672 1.0
3213 1623 1624 1.0
3214 1623 1673 1.0
3215 1624 1625 1.0
3216 1624 1674 1.0
3217 1625 1626 1.0
3218 1625 1675 1.0
3219 1626 1627 1.0
3220 1626 1676 1.0
3221 1627 1628 1.0
3222 1627 1677 1.0
3223 1628 1629 1.0
3224 1628 1678 1.0
3225 1629 1630 1.0
3226 1629 1679 1.0
3227 1630 1631 1.0
3228 1630 1680 1.0
3229 1631 1632 1.0
3230 1631 1681 1.0
3231 1632 1633 1.0
3232 1632 1682 1.0
3233 1633 1634 1.0
3234 1633 1683 1.0
3235 1634 1635 1.0
3236 1634 1684 1.0
3237 1635 1636 1.0
3238 1635 1685 1.0
3239 1636 1637 1.0
3240 1636 1686 1.0
3241 1637 1638 1.0
3242 1637 1687 1.0
3243 1638 1639 1.0
3244 1638 1688 1.0
3245 1639 1640 1.0
3246 1639 1689 1.0
3247 1640 1641 1.0
3248 1640 1690 1.0
3249 1641 1642 1.0
3250 1641 1691 1.0
3251 1642 1643 1.0
3252 1642 1692 1.0
3253 1643 1644 1.0
3254 1643 1693 1.0
3255 1644 1645 1.0
3256 1644 1694 1.0
3257 1645 1646 1.0
3258 1645 1695 1.0
3259 1646 1647 1.0
3260 1646 1696 1.0
3261 1647 1648 1.0
3262 1647 1697 1.0
3263 1648 1649 1.0
3264 1648 1698 1.0
3265 1649 1650 1.0
3266 1649 1699 1.0
3267 1650 1700 1.0
3268 1651 1652 1.0
3269 1651 1701 1.0
3270 1652 1653 1.0
3271 1652 1702 1.0
3272 1653 1654 1.0
3273 1653 1703 1.0
3274 1654 1655 1.0
3275 1654 1704 1.0
3276 1655 1656 1.0
3277 1655 1705 1.0
3278 1656 1657 1.0
3279 1656 1706 1.0
3280 1657 1658 1.0
3281 1657 1707 1.0
3282 1658 1659 1.0
3283 1658 1708 1.0
3284 1659 1660 1.0
3285 1659 1709 1.0
3286 1660 1661 1.0
3287 1660 1710 1.0
3288 1661 1662 1.0
3289 1661 1711 1.0
3290 1662 1663 1.0
3291 1662 1712 1.0
3292 1663 1664 1.0
3293 1663 1713 1.0
3294 1664 1665 1.0
3295 1664 1714 1.0
3296 1665 1666 1.0
3297 1665 1715 1.0
3298 1666 1667 1.0
3299 1666 1716 1.0
3300 1667 1668 1.0
3301 1667 1717 1.0
3302 1668 1669 1.0
3303 1668 1718 1.0
3304 1669 1670 1.0
3305 1669 1719 1.0
3306 1670 1671 1.0
3307 1670 1720 1.0
3308 1671 1672 1.0
3309 1671 1721 1.0
3310 1672 1673 1.0
3311 1672 1722 1.0
3312 1673 1674 1.0
3313 1673 1723 1.0
3314 1674 1675 1.0
3315 1674 1724 1.0
3316 1675 1676 1.0
3317 1675 1725 1.0
3318 1676 1677 1.0
3319 1676 1726 1.0
3320 1677 1678 1.0
3321 1677 1727 1.0
3322 1678 1679 1.0
3323 1678 1728 1.0
3324 1679 1680 1.0
3325 1679 1729 1.0
3326 1680 1681 1.0
3327 1680 1730 1.0
3328 1681 1682 1.0
3329 1681 1731 1.0
3330 1682 1683 1.0
3331 1682 1732 1.0
3332 1683 1684 1.0
3333 1683 1733 1.0
3334 1684 1685 1.0
3335 1684 1734 1.0
3336 1685 1686 1.0
3337 1685 1735 1.0
3338 1686 1687 1.0
3339 1686 1736 1.0
3340 1687 1688 1.0
3341 1687 1737 1.0
3342 1688 1689 1.0
3343 1688 1738 1.0
3344 1689 1690 1.0
3345 1689 1739 1.0
3346 1690 1691 1.0
3347 1690 1740 1.0
3348 1691 1692 1.0
3349 1691 1741 1.0
3350 1692 1693 1.0
3351 1692 1742 1.0
3352 1693 1694 1.0
3353 1693 1743 1.0
3354 1694 1695 1.0
3355 1694 1744 1.0
3356 1695 1696 1.0
3357 1695 1745 1.0
3358 1696 1697 1.0
3359 1696 1746 1.0
3360 1697 1698 1.0
3361 1697 1747 1.0
3362 1698 1699 1.0
3363 1698 1748 1.0
3364 1699 1700 1.0
3365 1699 1749 1.0
3366 1700 1750 1.0
3367 1701 1702 1.0
3368 1701 1751 1.0
3369 1702 1703 1.0
3370 1702 1752 1.0
3371 1703 1704 1.0
3372 1703 1753 1.0
3373 1704 1705 1.0
3374 1704 1754 1.0
3375 1705 1706 1.0
3376 1705 1755 1.0
3377 1706 1707 1.0
3378 1706 1756 1.0
3379 1707 1708 1.0
3380 1707 1757 1.0
3381 1708 1709 1.0
3382 1708 1758 1.0
3383 1709 1710 1.0
3384 1709 1759 1.0
3385 1710 1711 1.0
3386 1710 1760 1.0
3387 1711 1712 1.0
3388 1711 1761 1.0
3389 1712 1713 1.0
3390 1712 1762 1.0
3391 1713 1714 1.0
3392 1713 1763 1.0
3393 1714 1715 1.0
3394 1714 1764 1.0
3395 1715 1716 1.0
3396 1715 1765 1.0
3397 1716 1717 1.0
3398 1716 1766 1.0
3399 1717 1718 1.0
3400 1717 1767 1.0
3401 1718 1719 1.0
3402 1718 1768 1.0
3403 1719 1720 1.0
3404 1719 1769 1.0
3405 1720 1721 1.0
3406 1720 1770 1.0
3407 1721 1722 1.0
3408 1721 1771 1.0
3409 1722 1723 1.0
3410 1722 1772 1.0
3411 1723 1724 1.0
3412 1723 1773 1.0
3413 1724 1725 1.0
3414 1724 1774 1.0
3415 1725 1726 1.0
3416 1725 1775 1.0
3417 1726 1727 1.0
3418 1726 1776 1.0
3419 1727 1728 1.0
3420 1727 1777 1.0
3421 1728 1729 1.0
3422 1728 1778 1.0
3423 1729 1730 1.0
3424 1729 1779 1.0
3425 1730 1731 1.0
3426 1730 1780 1.0
3427 1731 1732 1.0
3428 1731 1781 1.0
3429 1732 1733 1.0
3430 1732 1782 1.0
3431 1733 1734 1.0
3432 1733 1783 1.0
3433 1734 1735 1.0
3434 1734 1784 1.0
3435 1735 1736 1.0
3436 1735 1785 1.0
3437 1736 1737 1.0
3438 1736 1786 1.0
3439 1737 1738 1.0
3440 1737 1787 1.0
3441 1738 1739 1.0
3442 1738 1788 1.0
3443 1739 1740 1.0
3444 1739 1789 1.0
3445 1740 1741 1.0
3446 1740 1790 1.0
3447 1741 1742 1.0
3448 1741 1791 1.0
3449 1742 1743 1.0
3450 1742 1792 1.0
3451 1743 1744 1.0
3452 1743 1793 1.0
3453 1744 1745 1.0
3454 1744 1794 1.0
3455 1745 1746 1.0
3456 1745 1795 1.0
3457 1746 1747 1.0
3458 1746 1796 1.0
3459 1747 1748 1.0
3460 1747 1797 1.0
3461 1748 1749 1.0
3462 1748 1798 1.0
3463 1749 1750 1.0
3464 1749 1799 1.0
3465 1750 1800 1.0
3466 1751 1752 1.0
3467 1751 1801 1.0
3468 1752 1753 1.0
3469 1752 1802 1.0
3470 1753 1754 1.0
3471 1753 1803 1.0
3472 1754 1755 1.0
3473 1754 1804 1.0
3474 1755 1756 1.0
3475 1755 1805 1.0
3476 1756 1757 1.0
3477 1756 1806 1.0
3478 1757 1758 1.0
3479 1757 1807 1.0
3480 1758 1759 1.0
3481 1758 1808 1.0
3482 1759 1760 1.0
3483 1759 1809 1.0
3484 1760 1761 1.0
3485 1760 1810 1.0
3486 1761 1762 1.0
3487 1761 1811 1.0
3488 1762 1763 1.0
3489 1762 1812 1.0
3490 1763 1764 1.0
3491 1763 1813 1.0
3492 1764 1765 1.0
3493 1764 1814 1.0
3494 1765 1766 1.0
3495 1765 1815 1.0
3496 1766 1767 1.0
3497 1766 1816 1.0
3498 1767 1768 1.0
3499 1767 1817 1.0
3500 1768 1769 1.0
3501 1768 1818 1.0
3502 1769 1770 1.0
3503 1769 1819 1.0
3504 1770 1771 1.0
3505 1770 1820 1.0
3506 1771 1772 1.0
3507 1771 1821 1.0
3508 1772 1773 1.0
3509 1772 1822 1.0
3510 1773 1774 1.0
3511 1773 1823 1.0
3512 1774 1775 1.0
3513 1774 1824 1.0
3514 1775 1776 1.0
3515 1775 1825 1.0
3516 1776 1777 1.0
3517 1776 1826 1.0
3518 1777 1778 1.0
3519 1777 1827 1.0
3520 1778 1779 1.0
3521 1778 1828 1.0
3522 1779 1780 1.0
3523 1779 1829 1.0
3524 1780 1781 1.0
3525 1780 1830 1.0
3526 1781 1782 1.0
3527 1781 1831 1.0
3528 1782 1783 1.0
3529 1782 1832 1.0
3530 1783 1784 1.0
3531 1783 1833 1.0
3532 1784 1785 1.0
3533 1784 1834 1.0
3534 1785 1786 1.0
3535 1785 1835 1.0
3536 1786 1787 1.0
3537 1786 1836 1.0
3538 1787 1788 1.0
3539 1787 1837 1.0
3540 1788 1789 1.0
3541 1788 1838 1.0
3542 1789 1790 1.0
3543 1789 1839 1.0
3544 1790 1791 1.0
3545 1790 1840 1.0
3546 1791 1792 1.0
3547 1791 1841 1.0
3548 1792 1793 1.0
3549 1792 1842 1.0
3550 1793 1794 1.0
3551 1793 1843 1.0
3552 1794 1795 1.0
3553 1794 1844 1.0
3554 1795 1796 1.0
3555 1795 1845 1.0
3556 1796 1797 1.0
3557 1796 1846 1.0
3558 1797 1798 1.0
3559 1797 1847 1.0
3560 1798 1799 1.0
3561 1798 1848 1.0
3562 1799 1800 1.0
3563 1799 1849 1.0
3564 1800 1850 1.0
3565 1801 1802 1.0
3566 1801 1851 1.0
3567 1802 1803 1.0
3568 1802 1852 1.0
3569 1803 1804 1.0
3570 1803 1853 1.0
3571 1804 1805 1.0
3572 1804 1854 1.0
3573 1805 1806 1.0
3574 1805 1855 1.0
3575 1806 1807 1.0
3576 1806 1856 1.0
3577 1807 1808 1.0
3578 1807 1857 1.0
3579 1808 1809 1.0
3580 1808 1858 1.0
3581 1809 1810 1.0
3582 1809 1859 1.0
3583 1810 1811 1.0
3584 1810 1860 1.0
3585 1811 1812 1.0
3586 1811 1861 1.0
3587 1812 1813 1.0
3588 1812 1862 1.0
3589 1813 1814 1.0
3590 1813 1863 1.0
3591 1814 1815 1.0
3592 1814 1864 1.0
3593 1815 1816 1.0
3594 1815 1865 1.0
3595 1816 1817 1.0
3596 1816 1866 1.0
3597 1817 1818 1.0
3598 1817 1867 1.0
3599 1818 1819 1.0
3600 1818 1868 1.0
3601 1819 1820 1.0
3602 1819 1869 1.0
3603 1820 1821 1.0
3604 1820 1870 1.0
3605 1821 1822 1.0
3606 1821 1871 1.0
3607 1822 1823 1.0
3608 1822 1872 1.0
3609 1823 1824 1.0
3610 1823 1873 1.0
3611 1824 1825 1.0
3612 1824 1874 1.0
3613 1825 1826 1.0
3614 1825 1875 1.0
3615 1826 1827 1.0
3616 1826 1876 1.0
3617 1827 1828 1.0
3618 1827 1877 1.0
3619 1828 1829 1.0
3620 1828 1878 1.0
3621 1829 1830 1.0
3622 1829 1879 1.0
3623 1830 1831 1.0
3624 1830 1880 1.0
3625 1831 1832 1.0
3626 1831 1881 1.0
3627 1832 1833 1.0
3628 1832 1882 1.0
3629 1833 1834 1.0
3630 1833 1883 1.0
3631 1834 1835 1.0
3632 1834 1884 1.0
3633 1835 1836 1.0
3634 1835 1885 1.0
3635 1836 1837 1.0
3636 1836 1886 1.0
3637 1837 1838 1.0
3638 1837 1887 1.0
3639 1838 1839 1.0
3640 1838 1888 1.0
3641 1839 1840 1.0
3642 1839 1889 1.0
3643 1840 1841 1.0
3644 1840 1890 1.0
3645 1841 1842 1.0
3646 1841 1891 1.0
3647 1842 1843 1.0
3648 1842 1892 1.0
3649 1843 1844 1.0
3650 1843 1893 1.0
3651 1844 1845 1.0
3652 1844 1894 1.0
3653 1845 1846 1.0
3654 1845 1895 1.0
3655 1846 1847 1.0
3656 1846 1896 1.0
3657 1847 1848 1.0
3658 1847 1897 1.0
3659 1848 1849 1.0
3660 1848 1898 1.0
3661 1849 1850 1.0
3662 1849 1899 1.0
3663 1850 1900 1.0
3664 1851 1852 1.0
3665 1851 1901 1.0
3666 1852 1853 1.0
3667 1852 1902 1.0
3668 1853 1854 1.0
3669 1853 1903 1.0
3670 1854 1855 1.0
3671 1854 1904 1.0
3672 1855 1856 1.0
3673 1855 1905 1.0
3674 1856 1857 1.0
3675 1856 1906 1.0
3676 1857 1858 1.0
3677 1857 1907 1.0
3678 1858 1859 1.0
3679 1858 1908 1.0
3680 1859 1860 1.0
3681 1859 1909 1.0
3682 1860 1861 1.0
3683 1860 1910 1.0
3684 1861 1862 1.0
3685 1861 1911 1.0
3686 1862 1863 1.0
3687 1862 1912 1.0
3688 1863 1864 1.0
3689 1863 1913 1.0
3690 1864 1865 1.0
3691 1864 1914 1.0
3692 1865 1866 1.0
3693 1865 1915 1.0
3694 1866 1867 1.0
3695 1866 1916 1.0
3696 1867 1868 1.0
3697 1867 1917 1.0
3698 1868 1869 1.0
3699 1868 1918 1.0
3700 1869 1870 1.0
3701 1869 1919 1.0
3702 1870 1871 1.0
3703 1870 1920 1.0
3704 1871 1872 1.0
3705 1871 1921 1.0
3706 1872 1873 1.0
3707 1872 1922 1.0
3708 1873 1874 1.0
3709 1873 1923 1.0
3710 1874 1875 1.0
3711 1874 1924 1.0
3712 1875 1876 1.0
3713 1875 1925 1.0
3714 1876 1877 1.0
3715 1876 1926 1.0
3716 1877 1878 1.0
3717 1877 1927 1.0
3718 1878 1879 1.0
3719 1878 1928 1.0
3720 1879 1880 1.0
3721 1879 1929 1.0
3722 1880 1881 1.0
3723 1880 1930 1.0
3724 1881 1882 1.0
3725 1881 1931 1.0
3726 1882 1883 1.0
3727 1882 1932 1.0
3728 1883 1884 1.0
3729 1883 1933 1.0
3730 1884 1885 1.0
3731 1884 1934 1.0
3732 1885 1886 1.0
3733 1885 1935 1.0
3734 1886 1887 1.0
3735 1886 1936 1.0
3736 1887 1888 1.0
3737 1887 1937 1.0
3738 1888 1889 1.0
3739 1888 1938 1.0
3740 1889 1890 1.0
3741 1889 1939 1.0
3742 1890 1891 1.0
3743 1890 1940 1.0
3744 1891 1892 1.0
3745 1891 1941 1.0
3746 1892 1893 1.0
3747 1892 1942 1.0
3748 1893 1894 1.0
3749 1893 1943 1.0
3750 1894 1895 1.0
3751 1894 1944 1.0
3752 1895 1896 1.0
3753 1895 1945 1.0
3754 1896 1897 1.0
3755 1896 1946 1.0
3756 1897 1898 1.0
3757 1897 1947 1.0
3758 1898 1899 1.0
3759 1898 1948 1.0
3760 1899 1900 1.0
3761 1899 1949 1.0
3762 1900 1950 1.0
3763 1901 1902 1.0
3764 1901 1951 1.0
3765 1902 1903 1.0
3766 1902 1952 1.0
3767 1903 1904 1.0
3768 1903 1953 1.0
3769 1904 1905 1.0
3770 1904 1954 1.0
3771 1905 1906 1.0
3772 1905 1955 1.0
3773 1906 1907 1.0
3774 1906 1956 1.0
3775 1907 1908 1.0
3776 1907 1957 1.0
3777 1908 1909 1.0
3778 1908 1958 1.0
3779 1909 1910 1.0
3780 1909 1959 1.0
3781 1910 1911 1.0
3782 1910 1960 1.0
3783 1911 1912 1.0
3784 1911 1961 1.0
3785 1912 1913 1.0
3786 1912 1962 1.0
3787 1913 1914 1.0
3788 1913 1963 1.0
3789 1914 1915 1.0
3790 1914 1964 1.0
3791 1915 1916 1.0
3792 1915 1965 1.0
3793 1916 1917 1.0
3794 1916 1966 1.0
3795 1917 1918 1.0
3796 1917 1967 1.0
3797 1918 1919 1.0
3798 1918 1968 1.0
3799 1919 1920 1.0
3800 1919 1969 1.0
3801 1920 1921 1.0
3802 1920 1970 1.0
3803 1921 1922 1.0
3804 1921 1971 1.0
3805 1922 1923 1.0
3806 1922 1972 1.0
3807 1923 1924 1.0
3808 1923 1973 1.0
3809 1924 1925 1.0
3810 1924 1974 1.0
3811 1925 1926 1.0
3812 1925 1975 1.0
3813 1926 1927 1.0
3814 1926 1976 1.0
3815 1927 1928 1.0
3816 1927 1977 1.0
3817 1928 1929 1.0
3818 1928 1978 1.0
3819 1929 1930 1.0
3820 1929 1979 1.0
3821 1930 1931 1.0
3822 1930 1980 1.0
3823 1931 1932 1.0
3824 1931 1981 1.0
3825 1932 1933 1.0
3826 1932 1982 1.0
3827 1933 1934 1.0
3828 1933 1983 1.0
3829 1934 1935 1.0
3830 1934 1984 1.0
3831 1935 1936 1.0
3832 1935 1985 1.0
3833 1936 1937 1.0
3834 1936 1986 1.0
3835 1937 1938 1.0
3836 1937 1987 1.0
3837 1938 1939 1.0
3838 1938 1988 1.0
3839 1939 1940 1.0
3840 1939 1989 1.0
3841 1940 1941 1.0
3842 1940 1990 1.0
3843 1941 1942 1.0
3844 1941 1991 1.0
3845 1942 1943 1.0
3846 1942 1992 1.0
3847 1943 1944 1.0
3848 1943 1993 1.0
3849 1944 1945 1.0
3850 1944 1994 1.0
3851 1945 1946 1.0
3852 1945 1995 1.0
3853 1946 1947 1.0
3854 1946 1996 1.0
3855 1947 1948 1.0
3856 1947 1997 1.0
3857 1948 1949 1.0
3858 1948 1998 1.0
3859 1949 1950 1.0
3860 1949 1999 1.0
3861 1950 2000 1.0
3862 1951 1952 1.0
3863 1951 2001 1.0
3864 1952 1953 1.0
3865 1952 2002 1.0
3866 1953 1954 1.0
3867 1953 2003 1.0
3868 1954 1955 1.0
3869 1954 2004 1.0
3870 1955 1956 1.0
3871 1955 2005 1.0
3872 1956 1957 1.0
3873 1956 2006 1.0
3874 1957 1958 1.0
3875 1957 2007 1.0
3876 1958 1959 1.0
3877 1958 2008 1.0
3878 1959 1960 1.0
3879 1959 2009 1.0
3880 1960 1961 1.0
3881 1960 2010 1.0
3882 1961 1962 1.0
3883 1961 2011 1.0
3884 1962 1963 1.0
3885 1962 2012 1.0
3886 1963 1964 1.0
3887 1963 2013 1.0
3888 1964 1965 1.0
3889 1964 2014 1.0
3890 1965 1966 1.0
3891 1965 2015 1.0
3892 1966 1967 1.0
3893 1966 2016 1.0
3894 1967 1968 1.0
3895 1967 2017 1.0
3896 1968 1969 1.0
3897 1968 2018 1.0
3898 1969 1970 1.0
3899 1969 2019 1.0
3900 1970 1971 1.0
3901 1970 2020 1.0
3902 1971 1972 1.0
3903 1971 2021 1.0
3904 1972 1973 1.0
3905 1972 2022 1.0
3906 1973 1974 1.0
3907 1973 2023 1.0
3908 1974 1975 1.0
3909 1974 2024 1.0
3910 1975 1976 1.0
3911 1975 2025 1.0
3912 1976 1977 1.0
3913 1976 2026 1.0
3914 1977 1978 1.0
3915 1977 2027 1.0
3916 1978 1979 1.0
3917 1978 2028 1.0
3918 1979 1980 1.0
3919 1979 2029 1.0
3920 1980 1981 1.0
3921 1980 2030 1.0
3922 1981 1982 1.0
3923 1981 2031 1.0
3924 1982 1983 1.0
3925 1982 2032 1.0
3926 1983 1984 1.0
3927 1983 2033 1.0
3928 1984 1985 1.0
3929 1984 2034 1.0
3930 1985 1986 1.0
3931 1985 2035 1.0
3932 1986 1987 1.0
3933 1986 2036 1.0
3934 1987 1988 1.0
3935 1987 2037 1.0
3936 1988 1989 1.0
3937 1988 2038 1.0
3938 1989 1990 1.0
3939 1989 2039 1.0
3940 1990 1991 1.0
3941 1990 2040 1.0
3942 1991 1992 1.0
3943 1991 2041 1.0
3944 1992 1993 1.0
3945 1992 2042 1.0
3946 1993 1994 1.0
3947 1993 2043 1.0
3948 1994 1995 1.0
3949 1994 2044 1.0
3950 1995 1996 1.0
3951 1995 2045 1.0
3952 1996 1997 1.0
3953 1996 2046 1.0
3954 1997 1998 1.0
3955 1997 2047 1.0
3956 1998 1999 1.0
3957 1998 2048 1.0
3958 1999 2000 1.0
3959 1999 2049 1.0
3960 2000 2050 1.0
3961 2001 2002 1.0
3962 2001 2051 1.0
3963 2002 2003 1.0
3964 2002 2052 1.0
3965 2003 2004 1.0
3966 2003 2053 1.0
3967 2004 2005 1.0
3968 2004 2054 1.0
3969 2005 2006 1.0
3970 2005 2055 1.0
3971 2006 2007 1.0
3972 2006 2056 1.0
3973 2007 2008 1.0
3974 2007 2057 1.0
3975 2008 2009 1.0
3976 2008 2058 1.0
3977 2009 2010 1.0
3978 2009 2059 1.0
3979 2010 2011 1.0
3980 2010 2060 1.0
3981 2011 2012 1.0
3982 2011 2061 1.0
3983 2012 2013 1.0
3984 2012 2062 1.0
3985 2013 2014 1.0
3986 2013 2063 1.0
3987 2014 2015 1.0
3988 2014 2064 1.0
3989 2015 2016 1.0
3990 2015 2065 1.0
3991 2016 2017 1.0
3992 2016 2066 1.0
3993 2017 2018 1.0
3994 2017 2067 1.0
3995 2018 2019 1.0
3996 2018 2068 1.0
3997 2019 2020 1.0
3998 2019 2069 1.0
3999 2020 2021 1.0
4000 2020 2070 1.0
4001 2021 2022 1.0
4002 2021 2071 1.0
4003 2022 2023 1.0
4004 2022 2072 1.0
4005 2023 2024 1.0
4006 2023 2073 1.0
4007 2024 2025 1.0
4008 2024 2074 1.0
4009 2025 2026 1.0
4010 2025 2075 1.0
4011 2026 2027 1.0
4012 2026 2076 1.0
4013 2027 2028 1.0
4014 2027 2077 1.0
4015 2028 2029 1.0
4016 2028 2078 1.0
4017 2029 2030 1.0
4018 2029 2079 1.0
4019 2030 2031 1.0
4020 2030 2080 1.0
4021 2031 2032 1.0
4022 2031 2081 1.0
4023 2032 2033 1.0
4024 2032 2082 1.0
4025 2033 2034 1.0
4026 2033 2083 1.0
4027 2034 2035 1.0
4028 2034 2084 1.0
4029 2035 2036 1.0
4030 2035 2085 1.0
4031 2036 2037 1.0
4032 2036 2086 1.0
4033 2037 2038 1.0
4034 2037 2087 1.0
4035 2038 2039 1.0
4036 2038 2088 1.0
4037 2039 2040 1.0
4038 2039 2089 1.0
4039 2040 2041 1.0
4040 2040 2090 1.0
4041 2041 2042 1.0
4042 2041 2091 1.0
4043 2042 2043 1.0
4044 2042 2092 1.0
4045 2043 2044 1.0
4046 2043 2093 1.0
4047 2044 2045 1.0
4048 2044 2094 1.0
4049 2045 2046 1.0
4050 2045 2095 1.0
4051 2046 2047 1.0
4052 2046 2096 1.0
4053 2047 2048 1.0
4054 2047 2097 1.0
4055 2048 2049 1.0
4056 2048 2098 1.0
4057 2049 2050 1.0
4058 2049 2099 1.0
4059 2050 2100 1.0
4060 2051 2052 1.0
4061 2051 2101 1.0
4062 2052 2053 1.0
4063 2052 2102 1.0
4064 2053 2054 1.0
4065 2053 2103 1.0
4066 2054 2055 1.0
4067 2054 2104 1.0
4068 2055 2056 1.0
4069 2055 2105 1.0
4070 2056 2057 1.0
4071 2056 2106 1.0
4072 2057 2058 1.0
4073 2057 2107 1.0
4074 2058 2059 1.0
4075 2058 2108 1.0
4076 2059 2060 1.0
4077 2059 2109 1.0
4078 2060 2061 1.0
4079 2060 2110 1.0
4080 2061 2062 1.0
4081 2061 2111 1.0
4082 2062 2063 1.0
4083 2062 2112 1.0
4084 2063 2064 1.0
4085 2063 2113 1.0
4086 2064 2065 1.0
4087 2064 2114 1.0
4088 2065 2066 1.0
4089 2065 2115 1.0
4090 2066 2067 1.0
4091 2066 2116 1.0
4092 2067 2068 1.0
4093 2067 2117 1.0
4094 2068 2069 1.0
4095 2068 2118 1.0
4096 2069 2070 1.0
4097 2069 2119 1.0
4098 2070 2071 1.0
4099 2070 2120 1.0
4100 2071 2072 1.0
4101 2071 2121 1.0
4102 2072 2073 1.0
4103 2072 2122 1.0
4104 2073 2074 1.0
4105 2073 2123 1.0
4106 2074 2075 1.0
4107 2074 2124 1.0
4108 2075 2076 1.0
4109 2075 2125 1.0
4110 2076 2077 1.0
4111 2076 2126 1.0
4112 2077 2078 1.0
4113 2077 2127 1.0
4114 2078 2079 1.0
4115 2078 2128 1.0
4116 2079 2080 1.0
4117 2079 2129 1.0
4118 2080 2081 1.0
4119 2080 2130 1.0
4120 2081 2082 1.0
4121 2081 2131 1.0
4122 2082 2083 1.0
4123 2082 2132 1.0
4124 2083 2084 1.0
4125 2083 2133 1.0
4126 2084 2085 1.0
4127 2084 2134 1.0
4128 2085 2086 1.0
4129 2085 2135 1.0
4130 2086 2087 1.0
4131 2086 2136 1.0
4132 2087 2088 1.0
4133 2087 2137 1.0
4134 2088 2089 1.0
4135 2088 2138 1.0
4136 2089 2090 1.0
4137 2089 2139 1.0
4138 2090 2091 1.0
4139 2090 2140 1.0
4140 2091 2092 1.0
4141 2091 2141 1.0
4142 2092 2093 1.0
4143 2092 2142 1.0
4144 2093 2094 1.0
4145 2093 2143 1.0
4146 2094 2095 1.0
4147 2094 2144 1.0
4148 2095 2096 1.0
4149 2095 2145 1.0
4150 2096 2097 1.0
4151 2096 2146 1.0
4152 2097 2098 1.0
4153 2097 2147 1.0
4154 2098 2099 1.0
4155 2098 2148 1.0
4156 2099 2100 1.0
4157 2099 2149 1.0
4158 2100 2150 1.0
4159 2101 2102 1.0
4160 2101 2151 1.0
4161 2102 2103 1.0
4162 2102 2152 1.0
4163 2103 2104 1.0
4164 2103 2153 1.0
4165 2104 2105 1.0
4166 2104 2154 1.0
4167 2105 2106 1.0
4168 2105 2155 1.0
4169 2106 2107 1.0
4170 2106 2156 1.0
4171 2107 2108 1.0
4172 2107 2157 1.0
4173 2108 2109 1.0
4174 2108 2158 1.0
4175 2109 2110 1.0
4176 2109 2159 1.0
4177 2110 2111 1.0
4178 2110 2160 1.0
4179 2111 2112 1.0
4180 2111 2161 1.0
4181 2112 2113 1.0
4182 2112 2162 1.0
4183 2113 2114 1.0
4184 2113 2163 1.0
4185 2114 2115 1.0
4186 2114 2164 1.0
4187 2115 2116 1.0
4188 2115 2165 1.0
4189 2116 2117 1.0
4190 2116 2166 1.0
4191 2117 2118 1.0
4192 2117 2167 1.0
4193 2118 2119 1.0
4194 2118 2168 1.0
4195 2119 2120 1.0
4196 2119 2169 1.0
4197 2120 2121 1.0
4198 2120 2170 1.0
4199 2121 2122 1.0
4200 2121 2171 1.0
4201 2122 2123 1.0
4202 2122 2172 1.0
4203 2123 2124 1.0
4204 2123 2173 1.0
4205 2124 2125 1.0
4206 2124 2174 1.0
4207 2125 2126 1.0
4208 2125 2175 1.0
4209 2126 2127 1.0
4210 2126 2176 1.0
4211 2127 2128 1.0
4212 2127 2177 1.0
4213 2128 2129 1.0
4214 2128 2178 1.0
4215 2129 2130 1.0
4216 2129 2179 1.0
4217 2130 2131 1.0
4218 2130 2180 1.0
4219 2131 2132 1.0
4220 2131 2181 1.0
4221 2132 2133 1.0
4222 2132 2182 1.0
4223 2133 2134 1.0
4224 2133 2183 1.0
4225 2134 2135 1.0
4226 2134 2184 1.0
4227 2135 2136 1.0
4228 2135 2185 1.0
4229 2136 2137 1.0
4230 2136 2186 1.0
4231 2137 2138 1.0
4232 2137 2187 1.0
4233 2138 2139 1.0
4234 2138 2188 1.0
4235 2139 2140 1.0
4236 2139 2189 1.0
4237 2140 2141 1.0
4238 2140 2190 1.0
4239 2141 2142 1.0
4240 2141 2191 1.0
4241 2142 2143 1.0
4242 2142 2192 1.0
4243 2143 2144 1.0
4244 2143 2193 1.0
4245 2144 2145 1.0
4246 2144 2194 1.0
4247 2145 2146 1.0
4248 2145 2195 1.0
4249 2146 2147 1.0
4250 2146 2196 1.0
4251 2147 2148 1.0
4252 2147 2197 1.0
4253 2148 2149 1.0
4254 2148 2198 1.0
4255 2149 2150 1.0
4256 2149 2199 1.0
4257 2150 2200 1.0
4258 2151 2152 1.0
4259 2151 2201 1.0
4260 2152 2153 1.0
4261 2152 2202 1.0
4262 2153 2154 1.0
4263 2153 2203 1.0
4264 2154 2155 1.0
4265 2154 2204 1.0
4266 2155 2156 1.0
4267 2155 2205 1.0
4268 2156 2157 1.0
4269 2156 2206 1.0
4270 2157 2158 1.0
4271 2157 2207 1.0
4272 2158 2159 1.0
4273 2158 2208 1.0
4274 2159 2160 1.0
4275 2159 2209 1.0
4276 2160 2161 1.0
4277 2160 2210 1.0
4278 2161 2162 1.0
4279 2161 2211 1.0
4280 2162 2163 1.0
4281 2162 2212 1.0
4282 2163 2164 1.0
4283 2163 2213 1.0
4284 2164 2165 1.0
4285 2164 2214 1.0
4286 2165 2166 1.0
4287 2165 2215 1.0
4288 2166 2167 1.0
4289 2166 2216 1.0
4290 2167 2168 1.0
4291 2167 2217 1.0
4292 2168 2169 1.0
4293 2168 2218 1.0
4294 2169 2170 1.0
4295 2169 2219 1.0
4296 2170 2171 1.0
4297 2170 2220 1.0
4298 2171 2172 1.0
4299 2171 2221 1.0
4300 2172 2173 1.0
4301 2172 2222 1.0
4302 2173 2174 1.0
4303 2173 2223 1.0
4304 2174 2175 1.0
4305 2174 2224 1.0
4306 2175 2176 1.0
4307 2175 2225 1.0
4308 2176 2177 1.0
4309 2176 2226 1.0
4310 2177 2178 1.0
4311 2177 2227 1.0
4312 2178 2179 1.0
4313 2178 2228 1.0
4314 2179 2180 1.0
4315 2179 2229 1.0
4316 2180 2181 1.0
4317 2180 2230 1.0
4318 2181 2182 1.0
4319 2181 2231 1.0
4320 2182 2183 1.0
4321 2182 2232 1.0
4322 2183 2184 1.0
4323 2183 2233 1.0
4324 2184 2185 1.0
4325 2184 2234 1.0
4326 2185 2186 1.0
4327 2185 2235 1.0
4328 2186 2187 1.0
4329 2186 2236 1.0
4330 2187 2188 1.0
4331 2187 2237 1.0
4332 2188 2189 1.0
4333 2188 2238 1.0
4334 2189 2190 1.0
4335 2189 2239 1.0
4336 2190 2191 1.0
4337 2190 2240 1.0
4338 2191 2192 1.0
4339 2191 2241 1.0
4340 2192 2193 1.0
4341 2192 2242 1.0
4342 2193 2194 1.0
4343 2193 2243 1.0
4344 2194 2195 1.0
4345 2194 2244 1.0
4346 2195 2196 1.0
4347 2195 2245 1.0
4348 2196 2197 1.0
4349 2196 2246 1.0
4350 2197 2198 1.0
4351 2197 2247 1.0
4352 2198 2199 1.0
4353 2198 2248 1.0
4354 2199 2200 1.0
4355 2199 2249 1.0
4356 2200 2250 1.0
4357 2201 2202 1.0
4358 2201 2251 1.0
4359 2202 2203 1.0
4360 2202 2252 1.0
4361 2203 2204 1.0
4362 2203 2253 1.0
4363 2204 2205 1.0
4364 2204 2254 1.0
4365 2205 2206 1.0
4366 2205 2255 1.0
4367 2206 2207 1.0
4368 2206 2256 1.0
4369 2207 2208 1.0
4370 2207 2257 1.0
4371 2208 2209 1.0
4372 2208 2258 1.0
4373 2209 2210 1.0
4374 2209 2259 1.0
4375 2210 2211 1.0
4376 2210 2260 1.0
4377 2211 2212 1.0
4378 2211 2261 1.0
4379 2212 2213 1.0
4380 2212 2262 1.0
4381 2213 2214 1.0
4382 2213 2263 1.0
4383 2214 2215 1.0
4384 2214 2264 1.0
4385 2215 2216 1.0
4386 2215 2265 1.0
4387 2216 2217 1.0
4388 2216 2266 1.0
4389 2217 2218 1.0
4390 2217 2267 1.0
4391 2218 2219 1.0
4392 2218 2268 1.0
4393 2219 2220 1.0
4394 2219 2269 1.0
4395 2220 2221 1.0
4396 2220 2270 1.0
4397 2221 2222 1.0
4398 2221 2271 1.0
4399 2222 2223 1.0
4400 2222 2272 1.0
4401 2223 2224 1.0
4402 2223 2273 1.0
4403 2224 2225 1.0
4404 2224 2274 1.0
4405 2225 2226 1.0
4406 2225 2275 1.0
4407 2226 2227 1.0
4408 2226 2276 1.0
4409 2227 2228 1.0
4410 2227 2277 1.0
4411 2228 2229 1.0
4412 2228 2278 1.0
4413 2229 2230 1.0
4414 2229 2279 1.0
4415 2230 2231 1.0
4416 2230 2280 1.0
4417 2231 2232 1.0
4418 2231 2281 1.0
4419 2232 2233 1.0
4420 2232 2282 1.0
4421 2233 2234 1.0
4422 2233 2283 1.0
4423 2234 2235 1.0
4424 2234 2284 1.0
4425 2235 2236 1.0
4426 2235 2285 1.0
4427 2236 2237 1.0
4428 2236 2286 1.0
4429 2237 2238 1.0
4430 2237 2287 1.0
4431 2238 2239 1.0
4432 2238 2288 1.0
4433 2239 2240 1.0
4434 2239 2289 1.0
4435 2240 2241 1.0
4436 2240 2290 1.0
4437 2241 2242 1.0
4438 2241 2291 1.0
4439 2242 2243 1.0
4440 2242 2292 1.0
4441 2243 2244 1.0
4442 2243 2293 1.0
4443 2244 2245 1.0
4444 2244 2294 1.0
4445 2245 2246 1.0
4446 2245 2295 1.0
4447 2246 2247 1.0
4448 2246 2296 1.0
4449 2247 2248 1.0
4450 2247 2297 1.0
4451 2248 2249 1.0
4452 2248 2298 1.0
4453 2249 2250 1.0
4454 2249 2299 1.0
4455 2250 2300 1.0
4456 2251 2252 1.0
4457 2251 2301 1.0
4458 2252 2253 1.0
4459 2252 2302 1.0
4460 2253 2254 1.0
4461 2253 2303 1.0
4462 2254 2255 1.0
4463 2254 2304 1.0
4464 2255 2256 1.0
4465 2255 2305 1.0
4466 2256 2257 1.0
4467 2256 2306 1.0
4468 2257 2258 1.0
4469 2257 2307 1.0
4470 2258 2259 1.0
4471 2258 2308 1.0
4472 2259 2260 1.0
4473 2259 2309 1.0
4474 2260 2261 1.0
4475 2260 2310 1.0
4476 2261 2262 1.0
4477 2261 2311 1.0
4478 2262 2263 1.0
4479 2262 2312 1.0
4480 2263 2264 1.0
4481 2263 2313 1.0
4482 2264 2265 1.0
4483 2264 2314 1.0
4484 2265 2266 1.0
4485 2265 2315 1.0
4486 2266 2267 1.0
4487 2266 2316 1.0
4488 2267 2268 1.0
4489 2267 2317 1.0
4490 2268 2269 1.0
4491 2268 2318 1.0
4492 2269 2270 1.0
4493 2269 2319 1.0
4494 2270 2271 1.0
4495 2270 2320 1.0
4496 2271 2272 1.0
4497 2271 2321 1.0
4498 2272 2273 1.0
4499 2272 2322 1.0
4500 2273 2274 1.0
4501 2273 2323 1.0
4502 2274 2275 1.0
4503 2274 2324 1.0
4504 2275 2276 1.0
4505 2275 2325 1.0
4506 2276 2277 1.0
4507 2276 2326 1.0
4508 2277 2278 1.0
4509 2277 2327 1.0
4510 2278 2279 1.0
4511 2278 2328 1.0
4512 2279 2280 1.0
4513 2279 2329 1.0
4514 2280 2281 1.0
4515 2280 2330 1.0
4516 2281 2282 1.0
4517 2281 2331 1.0
4518 2282 2283 1.0
4519 2282 2332 1.0
4520 2283 2284 1.0
4521 2283 2333 1.0
4522 2284 2285 1.0
4523 2284 2334 1.0
4524 2285 2286 1.0
4525 2285 2335 1.0
4526 2286 2287 1.0
4527 2286 2336 1.0
4528 2287 2288 1.0
4529 2287 2337 1.0
4530 2288 2289 1.0
4531 2288 2338 1.0
4532 2289 2290 1.0
4533 2289 2339 1.0
4534 2290 2291 1.0
4535 2290 2340 1.0
4536 2291 2292 1.0
4537 2291 2341 1.0
4538 2292 2293 1.0
4539 2292 2342 1.0
4540 2293 2294 1.0
4541 2293 2343 1.0
4542 2294 2295 1.0
4543 2294 2344 1.0
4544 2295 2296 1.0
4545 2295 2345 1.0
4546 2296 2297 1.0
4547 2296 2346 1.0
4548 2297 2298 1.0
4549 2297 2347 1.0
4550 2298 2299 1.0
4551 2298 2348 1.0
4552 2299 2300 1.0
4553 2299 2349 1.0
4554 2300 2350 1.0
4555 2301 2302 1.0
4556 2301 2351 1.0
4557 2302 2303 1.0
4558 2302 2352 1.0
4559 2303 2304 1.0
4560 2303 2353 1.0
4561 2304 2305 1.0
4562 2304 2354 1.0
4563 2305 2306 1.0
4564 2305 2355 1.0
4565 2306 2307 1.0
4566 2306 2356 1.0
4567 2307 2308 1.0
4568 2307 2357 1.0
4569 2308 2309 1.0
4570 2308 2358 1.0
4571 2309 2310 1.0
4572 2309 2359 1.0
4573 2310 2311 1.0
4574 2310 2360 1.0
4575 2311 2312 1.0
4576 2311 2361 1.0
4577 2312 2313 1.0
4578 2312 2362 1.0
4579 2313 2314 1.0
4580 2313 2363 1.0
4581 2314 2315 1.0
4582 2314 2364 1.0
4583 2315 2316 1.0
4584 2315 2365 1.0
4585 2316 2317 1.0
4586 2316 2366 1.0
4587 2317 2318 1.0
4588 2317 2367 1.0
4589 2318 2319 1.0
4590 2318 2368 1.0
4591 2319 2320 1.0
4592 2319 2369 1.0
4593 2320 2321 1.0
4594 2320 2370 1.0
4595 2321 2322 1.0
4596 2321 2371 1.0
4597 2322 2323 1.0
4598 2322 2372 1.0
4599 2323 2324 1.0
4600 2323 2373 1.0
4601 2324 2325 1.0
4602 2324 2374 1.0
4603 2325 2326 1.0
4604 2325 2375 1.0
4605 2326 2327 1.0
4606 2326 2376 1.0
4607 2327 2328 1.0
4608 2327 2377 1.0
4609 2328 2329 1.0
4610 2328 2378 1.0
4611 2329 2330 1.0
4612 2329 2379 1.0
4613 2330 2331 1.0
4614 2330 2380 1.0
4615 2331 2332 1.0
4616 2331 2381 1.0
4617 2332 2333 1.0
4618 2332 2382 1.0
4619 2333 2334 1.0
4620 2333 2383 1.0
4621 2334 2335 1.0
4622 2334 2384 1.0
4623 2335 2336 1.0
4624 2335 2385 1.0
4625 2336 2337 1.0
4626 2336 2386 1.0
4627 2337 2338 1.0
4628 2337 2387 1.0
4629 2338 2339 1.0
4630 2338 2388 1.0
4631 2339 2340 1.0
4632 2339 2389 1.0
4633 2340 2341 1.0
4634 2340 2390 1.0
4635 2341 2342 1.0
4636 2341 2391 1.0
4637 2342 2343 1.0
4638 2342 2392 1.0
4639 2343 2344 1.0
4640 2343 2393 1.0
4641 2344 2345 1.0
4642 2344 2394 1.0
4643 2345 2346 1.0
4644 2345 2395 1.0
4645 2346 2347 1.0
4646 2346 2396 1.0
4647 2347 2348 1.0
4648 2347 2397 1.0
4649 2348 2349 1.0
4650 2348 2398 1.0
4651 2349 2350 1.0
4652 2349 2399 1.0
4653 2350 2400 1.0
4654 2351 2352 1.0
4655 2351 2401 1.0
4656 2352 2353 1.0
4657 2352 2402 1.0
4658 2353 2354 1.0
4659 2353 2403 1.0
4660 2354 2355 1.0
4661 2354 2404 1.0
4662 2355 2356 1.0
4663 2355 2405 1.0
4664 2356 2357 1.0
4665 2356 2406 1.0
4666 2357 2358 1.0
4667 2357 2407 1.0
4668 2358 2359 1.0
4669 2358 2408 1.0
4670 2359 2360 1.0
4671 2359 2409 1.0
4672 2360 2361 1.0
4673 2360 2410 1.0
4674 2361 2362 1.0
4675 2361 2411 1.0
4676 2362 2363 1.0
4677 2362 2412 1.0
4678 2363 2364 1.0
4679 2363 2413 1.0
4680 2364 2365 1.0
4681 2364 2414 1.0
4682 2365 2366 1.0
4683 2365 2415 1.0
4684 2366 2367 1.0
4685 2366 2416 1.0
4686 2367 2368 1.0
4687 2367 2417 1.0
4688 2368 2369 1.0
4689 2368 2418 1.0
4690 2369 2370 1.0
4691 2369 2419 1.0
4692 2370 2371 1.0
4693 2370 2420 1.0
4694 2371 2372 1.0
4695 2371 2421 1.0
4696 2372 2373 1.0
4697 2372 2422 1.0
4698 2373 2374 1.0
4699 2373 2423 1.0
4700 2374 2375 1.0
4701 2374 2424 1.0
4702 2375 2376 1.0
4703 2375 2425 1.0
4704 2376 2377 1.0
4705 2376 2426 1.0
4706 2377 2378 1.0
4707 2377 2427 1.0
4708 2378 2379 1.0
4709 2378 2428 1.0
4710 2379 2380 1.0
4711 2379 2429 1.0
4712 2380 2381 1.0
4713 2380 2430 1.0
4714 2381 2382 1.0
4715 2381 2431 1.0
4716 2382 2383 1.0
4717 2382 2432 1.0
4718 2383 2384 1.0
4719 2383 2433 1.0
4720 2384 2385 1.0
4721 2384 2434 1.0
4722 2385 2386 1.0
4723 2385 2435 1.0
4724 2386 2387 1.0
4725 2386 2436 1.0
4726 2387 2388 1.0
4727 2387 2437 1.0
4728 2388 2389 1.0
4729 2388 2438 1.0
4730 2389 2390 1.0
4731 2389 2439 1.0
4732 2390 2391 1.0
4733 2390 2440 1.0
4734 2391 2392 1.0
4735 2391 2441 1.0
4736 2392 2393 1.0
4737 2392 2442 1.0
4738 2393 2394 1.0
4739 2393 2443 1.0
4740 2394 2395 1.0
4741 2394 2444 1.0
4742 2395 2396 1.0
4743 2395 2445 1.0
4744 2396 2397 1.0
4745 2396 2446 1.0
4746 2397 2398 1.0
4747 2397 2447 1.0
4748 2398 2399 1.0
4749 2398 2448 1.0
4750 2399 2400 1.0
4751 2399 2449 1.0
4752 2400 2450 1.0
4753 2401 2402 1.0
4754 2401 2451 1.0
4755 2402 2403 1.0
4756 2402 2452 1.0
4757 2403 2404 1.0
4758 2403 2453 1.0
4759 2404 2405 1.0
4760 2404 2454 1.0
4761 2405 2406 1.0
4762 2405 2455 1.0
4763 2406 2407 1.0
4764 2406 2456 1.0
4765 2407 2408 1.0
4766 2407 2457 1.0
4767 2408 2409 1.0
4768 2408 2458 1.0
4769 2409 2410 1.0
4770 2409 2459 1.0
4771 2410 2411 1.0
4772 2410 2460 1.0
4773 2411 2412 1.0
4774 2411 2461 1.0
4775 2412 2413 1.0
4776 2412 2462 1.0
4777 2413 2414 1.0
4778 2413 2463 1.0
4779 2414 2415 1.0
4780 2414 2464 1.0
4781 2415 2416 1.0
4782 2415 2465 1.0
4783 2416 2417 1.0
4784 2416 2466 1.0
4785 2417 2418 1.0
4786 2417 2467 1.0
4787 2418 2419 1.0
4788 2418 2468 1.0
4789 2419 2420 1.0
4790 2419 2469 1.0
4791 2420 2421 1.0
4792 2420 2470 1.0
4793 2421 2422 1.0
4794 2421 2471 1.0
4795 2422 2423 1.0
4796 2422 2472 1.0
4797 2423 2424 1.0
4798 2423 2473 1.0
4799 2424 2425 1.0
4800 2424 2474 1.0
4801 2425 2426 1.0
4802 2425 2475 1.0
4803 2426 2427 1.0
4804 2426 2476 1.0
4805 2427 2428 1.0
4806 2427 2477 1.0
4807 2428 2429 1.0
4808 2428 2478 1.0
4809 2429 2430 1.0
4810 2429 2479 1.0
4811 2430 2431 1.0
4812 2430 2480 1.0
4813 2431 2432 1.0
4814 2431 2481 1.0
4815 2432 2433 1.0
4816 2432 2482 1.0
4817 2433 2434 1.0
4818 2433 2483 1.0
4819 2434 2435 1.0
4820 2434 2484 1.0
4821 2435 2436 1.0
4822 2435 2485 1.0
4823 2436 2437 1.0
4824 2436 2486 1.0
4825 2437 2438 1.0
4826 2437 2487 1.0
4827 2438 2439 1.0
4828 2438 2488 1.0
4829 2439 2440 1.0
4830 2439 2489 1.0
4831 2440 2441 1.0
4832 2440 2490 1.0
4833 2441 2442 1.0
4834 2441 2491 1.0
4835 2442 2443 1.0
4836 2442 2492 1.0
4837 2443 2444 1.0
4838 2443 2493 1.0
4839 2444 2445 1.0
4840 2444 2494 1.0
4841 2445 2446 1.0
4842 2445 2495 1.0
4843 2446 2447 1.0
4844 2446 2496 1.0
4845 2447 2448 1.0
4846 2447 2497 1.0
4847 2448 2449 1.0
4848 2448 2498 1.0
4849 2449 2450 1.0
4850 2449 2499 1.0
4851 2450 2500 1.0
4852 2451 2452 1.0
4853 2452 2453 1.0
4854 2453 2454 1.0
4855 2454 2455 1.0
4856 2455 2456 1.0
4857 2456 2457 1.0
4858 2457 2458 1.0
4859 2458 2459 1.0
4860 2459 2460 1.0
4861 2460 2461 1.0
4862 2461 2462 1.0
4863 2462 2463 1.0
4864 2463 2464 1.0
4865 2464 2465 1.0
4866 2465 2466 1.0
4867 2466 2467 1.0
4868 2467 2468 1.0
4869 2468 2469 1.0
4870 2469 2470 1.0
4871 2470 2471 1.0
4872 2471 2472 1.0
4873 2472 2473 1.0
4874 2473 2474 1.0
4875 2474 2475 1.0
4876 2475 2476 1.0
4877 2476 2477 1.0
4878 2477 2478 1.0
4879 2478 2479 1.0
4880 2479 2480 1.0
4881 2480 2481 1.0
4882 2481 2482 1.0
4883 2482 2483 1.0
4884 2483 2484 1.0
4885 2484 2485 1.0
4886 2485 2486 1.0
4887 2486 2487 1.0
4888 2487 2488 1.0
4889 2488 2489 1.0
4890 2489 2490 1.0
4891 2490 2491 1.0
4892 2491 2492 1.0
4893 2492 2493 1.0
4894 2493 2494 1.0
4895 2494 2495 1.0
4896 2495 2496 1.0
4897 2496 2497 1.0
4898 2497 2498 1.0
4899 2498 2499 1.0
4900 2499 2500 1.0
