1 1 2 1.0
2 2 3 1.0
3 3 4 1.0
4 4 5 1.0
5 5 6 1.0
6 6 7 1.0
7 7 8 1.0
8 8 9 1.0
9 9 10 1.0
10 11 12 1.0
11 12 13 1.0
12 13 14 1.0
13 14 15 1.0
14 15 16 1.0
15 16 17 1.0
16 17 18 1.0
17 18 19 1.0
18 19 20 1.0
19 21 22 1.0
20 22 23 1.0
21 23 24 1.0
22 24 25 1.0
23 25 26 1.0
24 26 27 1.0
25 27 28 1.0
26 28 29 1.0
27 29 30 1.0
28 31 32 1.0
29 32 33 1.0
30 33 34 1.0
31 34 35 1.0
32 35 36 1.0
33 36 37 1.0
34 37 38 1.0
35 38 39 1.0
36 39 40 1.0
37 41 42 1.0
38 42 43 1.0
39 43 44 1.0
40 44 45 1.0
41 45 46 1.0
42 46 47 1.0
43 47 48 1.0
44 48 49 1.0
45 49 50 1.0
46 51 52 1.0
47 52 53 1.0
48 53 54 1.0
49 54 55 1.0
50 55 56 1.0
51 56 57 1.0
52 57 58 1.0
53 58 59 1.0
54 59 60 1.0
55 61 62 1.0
56 62 63 1.0
57 63 64 1.0
58 64 65 1.0
59 65 66 1.0
60 66 67 1.0
61 67 68 1.0
62 68 69 1.0
63 69 70 1.0
64 71 72 1.0
65 72 73 1.0
66 73 74 1.0
67 74 75 1.0
68 75 76 1.0
69 76 77 1.0
70 77 78 1.0
71 78 79 1.0
72 79 80 1.0
73 81 82 1.0
74 82 83 1.0
75 83 84 1.0
76 84 85 1.0
77 85 86 1.0
78 86 87 1.0
79 87 88 1.0
80 88 89 1.0
81 89 90 1.0
82 91 92 1.0
83 92 93 1.0
84 93 94 1.0
85 94 95 1.0
86 95 96 1.0
87 96 97 1.0
88 97 98 1.0
89 98 99 1.0
90 99 100 1.0
91 1 11 1.0
92 2 12 1.0
93 3 13 1.0
94 4 14 1.0
95 5 15 1.0
96 6 16 1.0
97 7 17 1.0
98 8 18 1.0
99 9 19 1.0
100 10 20 1.0
101 11 21 1.0
102 12 22 1.0
103 13 23 1.0
104 14 24 1.0
105 15 25 1.0
106 16 26 1.0
107 17 27 1.0
108 18 28 1.0
109 19 29 1.0
110 20 30 1.0
111 21 31 1.0
112 22 32 1.0
113 23 33 1.0
114 24 34 1.0
115 25 35 1.0
116 26 36 1.0
117 27 37 1.0
118 28 38 1.0
119 29 39 1.0
120 30 40 1.0
121 31 41 1.0
122 32 42 1.0
123 33 43 1.0
124 34 44 1.0
125 35 45 1.0
126 36 46 1.0
127 37 47 1.0
128 38 48 1.0
129 39 49 1.0
130 40 50 1.0
131 41 51 1.0
132 42 52 1.0
133 43 53 1.0
134 44 54 1.0
135 45 55 1.0
136 46 56 1.0
137 47 57 1.0
138 48 58 1.0
139 49 59 1.0
140 50 60 1.0
141 51 61 1.0
142 52 62 1.0
143 53 63 1.0
144 54 64 1.0
145 55 65 1.0
146 56 66 1.0
147 57 67 1.0
148 58 68 1.0
149 59 69 1.0
150 60 70 1.0
151 61 71 1.0
152 62 72 1.0
153 63 73 1.0
154 64 74 1.0
155 65 75 1.0
156 66 76 1.0
157 67 77 1.0
158 68 78 1.0
159 69 79 1.0
160 70 80 1.0
161 71 81 1.0
162 72 82 1.0
163 73 83 1.0
164 74 84 1.0
165 75 85 1.0
166 76 86 1.0
167 77 87 1.0
168 78 88 1.0
169 79 89 1.0
170 80 90 1.0
171 81 91 1.0
172 82 92 1.0
173 83 93 1.0
174 84 94 1.0
175 85 95 1.0
176 86 96 1.0
177 87 97 1.0
178 88 98 1.0
179 89 99 1.0
180 90 100 1.0
