1 1 2 1.0
2 1 21 1.0
3 2 3 1.0
4 2 22 1.0
5 3 4 1.0
6 3 23 1.0
7 4 5 1.0
8 4 24 1.0
9 5 6 1.0
10 5 25 1.0
11 6 7 1.0
12 6 26 1.0
13 7 8 1.0
14 7 27 1.0
15 8 9 1.0
16 8 28 1.0
17 9 10 1.0
18 9 29 1.0
19 10 11 1.0
20 10 30 1.0
21 11 12 1.0
22 11 31 1.0
23 12 13 1.0
24 12 32 1.0
25 13 14 1.0
26 13 33 1.0
27 14 15 1.0
28 14 34 1.0
29 15 16 1.0
30 15 35 1.0
31 16 17 1.0
32 16 36 1.0
33 17 18 1.0
34 17 37 1.0
35 18 19 1.0
36 18 38 1.0
37 19 20 1.0
38 19 39 1.0
39 20 40 1.0
40 21 22 1.0
41 21 41 1.0
42 22 23 1.0
43 22 42 1.0
44 23 24 1.0
45 23 43 1.0
46 24 25 1.0
47 24 44 1.0
48 25 26 1.0
49 25 45 1.0
50 26 27 1.0
51 26 46 1.0
52 27 28 1.0
53 27 47 1.0
54 28 29 1.0
55 28 48 1.0
56 29 30 1.0
57 29 49 1.0
58 30 31 1.0
59 30 50 1.0
60 31 32 1.0
61 31 51 1.0
62 32 33 1.0
63 32 52 1.0
64 33 34 1.0
65 33 53 1.0
66 34 35 1.0
67 34 54 1.0
68 35 36 1.0
69 35 55 1.0
70 36 37 1.0
71 36 56 1.0
72 37 38 1.0
73 37 57 1.0
74 38 39 1.0
75 38 58 1.0
76 39 40 1.0
77 39 59 1.0
78 40 60 1.0
79 41 42 1.0
80 41 61 1.0
81 42 43 1.0
82 42 62 1.0
83 43 44 1.0
84 43 63 1.0
85 44 45 1.0
86 44 64 1.0
87 45 46 1.0
88 45 65 1.0
89 46 47 1.0
90 46 66 1.0
91 47 48 1.0
92 47 67 1.0
93 48 49 1.0
94 48 68 1.0
95 49 50 1.0
96 49 69 1.0
97 50 51 1.0
98 50 70 1.0
99 51 52 1.0
100 51 71 1.0
101 52 53 1.0
102 52 72 1.0
103 53 54 1.0
104 53 73 1.0
105 54 55 1.0
106 54 74 1.0
107 55 56 1.0
108 55 75 1.0
109 56 57 1.0
110 56 76 1.0
111 57 58 1.0
112 57 77 1.0
113 58 59 1.0
114 58 78 1.0
115 59 60 1.0
116 59 79 1.0
117 60 80 1.0
118 61 62 1.0
119 61 81 1.0
120 62 63 1.0
121 62 82 1.0
122 63 64 1.0
123 63 83 1.0
124 64 65 1.0
125 64 84 1.0
126 65 66 1.0
127 65 85 1.0
128 66 67 1.0
129 66 86 1.0
130 67 68 1.0
131 67 87 1.0
132 68 69 1.0
133 68 88 1.0
134 69 70 1.0
135 69 89 1.0
136 70 71 1.0
137 70 90 1.0
138 71 72 1.0
139 71 91 1.0
140 72 73 1.0
141 72 92 1.0
142 73 74 1.0
143 73 93 1.0
144 74 75 1.0
145 74 94 1.0
146 75 76 1.0
147 75 95 1.0
148 76 77 1.0
149 76 96 1.0
150 77 78 1.0
151 77 97 1.0
152 78 79 1.0
153 78 98 1.0
154 79 80 1.0
155 79 99 1.0
156 80 100 1.0
157 81 82 1.0
158 81 101 1.0
159 82 83 1.0
160 82 102 1.0
161 83 84 1.0
162 83 103 1.0
163 84 85 1.0
164 84 104 1.0
165 85 86 1.0
166 85 105 1.0
167 86 87 1.0
168 86 106 1.0
169 87 88 1.0
170 87 107 1.0
171 88 89 1.0
172 88 108 1.0
173 89 90 1.0
174 89 109 1.0
175 90 91 1.0
176 90 110 1.0
177 91 92 1.0
178 91 111 1.0
179 92 93 1.0
180 92 112 1.0
181 93 94 1.0
182 93 113 1.0
183 94 95 1.0
184 94 114 1.0
185 95 96 1.0
186 95 115 1.0
187 96 97 1.0
188 96 116 1.0
189 97 98 1.0
190 97 117 1.0
191 98 99 1.0
192 98 118 1.0
193 99 100 1.0
194 99 119 1.0
195 100 120 1.0
196 101 102 1.0
197 101 121 1.0
198 102 103 1.0
199 102 122 1.0
200 103 104 1.0
201 103 123 1.0
202 104 105 1.0
203 104 124 1.0
204 105 106 1.0
205 105 125 1.0
206 106 107 1.0
207 106 126 1.0
208 107 108 1.0
209 107 127 1.0
210 108 109 1.0
211 108 128 1.0
212 109 110 1.0
213 109 129 1.0
214 110 111 1.0
215 110 130 1.0
216 111 112 1.0
217 111 131 1.0
218 112 113 1.0
219 112 132 1.0
220 113 114 1.0
221 113 133 1.0
222 114 115 1.0
223 114 134 1.0
224 115 116 1.0
225 115 135 1.0
226 116 117 1.0
227 116 136 1.0
228 117 118 1.0
229 117 137 1.0
230 118 119 1.0
231 118 138 1.0
232 119 120 1.0
233 119 139 1.0
234 120 140 1.0
235 121 122 1.0
236 121 141 1.0
237 122 123 1.0
238 122 142 1.0
239 123 124 1.0
240 123 143 1.0
241 124 125 1.0
242 124 144 1.0
243 125 126 1.0
244 125 145 1.0
245 126 127 1.0
246 126 146 1.0
247 127 128 1.0
248 127 147 1.0
249 128 129 1.0
250 128 148 1.0
251 129 130 1.0
252 129 149 1.0
253 130 131 1.0
254 130 150 1.0
255 131 132 1.0
256 131 151 1.0
257 132 133 1.0
258 132 152 1.0
259 133 134 1.0
260 133 153 1.0
261 134 135 1.0
262 134 154 1.0
263 135 136 1.0
264 135 155 1.0
265 136 137 1.0
266 136 156 1.0
267 137 138 1.0
268 137 157 1.0
269 138 139 1.0
270 138 158 1.0
271 139 140 1.0
272 139 159 1.0
273 140 160 1.0
274 141 142 1.0
275 141 161 1.0
276 142 143 1.0
277 142 162 1.0
278 143 144 1.0
279 143 163 1.0
280 144 145 1.0
281 144 164 1.0
282 145 146 1.0
283 145 165 1.0
284 146 147 1.0
285 146 166 1.0
286 147 148 1.0
287 147 167 1.0
288 148 149 1.0
289 148 168 1.0
290 149 150 1.0
291 149 169 1.0
292 150 151 1.0
293 150 170 1.0
294 151 152 1.0
295 151 171 1.0
296 152 153 1.0
297 152 172 1.0
298 153 154 1.0
299 153 173 1.0
300 154 155 1.0
301 154 174 1.0
302 155 156 1.0
303 155 175 1.0
304 156 157 1.0
305 156 176 1.0
306 157 158 1.0
307 157 177 1.0
308 158 159 1.0
309 158 178 1.0
310 159 160 1.0
311 159 179 1.0
312 160 180 1.0
313 161 162 1.0
314 161 181 1.0
315 162 163 1.0
316 162 182 1.0
317 163 164 1.0
318 163 183 1.0
319 164 165 1.0
320 164 184 1.0
321 165 166 1.0
322 165 185 1.0
323 166 167 1.0
324 166 186 1.0
325 167 168 1.0
326 167 187 1.0
327 168 169 1.0
328 168 188 1.0
329 169 170 1.0
330 169 189 1.0
331 170 171 1.0
332 170 190 1.0
333 171 172 1.0
334 171 191 1.0
335 172 173 1.0
336 172 192 1.0
337 173 174 1.0
338 173 193 1.0
339 174 175 1.0
340 174 194 1.0
341 175 176 1.0
342 175 195 1.0
343 176 177 1.0
344 176 196 1.0
345 177 178 1.0
346 177 197 1.0
347 178 179 1.0
348 178 198 1.0
349 179 180 1.0
350 179 199 1.0
351 180 200 1.0
352 181 182 1.0
353 181 201 1.0
354 182 183 1.0
355 182 202 1.0
356 183 184 1.0
357 183 203 1.0
358 184 185 1.0
359 184 204 1.0
360 185 186 1.0
361 185 205 1.0
362 186 187 1.0
363 186 206 1.0
364 187 188 1.0
365 187 207 1.0
366 188 189 1.0
367 188 208 1.0
368 189 190 1.0
369 189 209 1.0
370 190 191 1.0
371 190 210 1.0
372 191 192 1.0
373 191 211 1.0
374 192 193 1.0
375 192 212 1.0
376 193 194 1.0
377 193 213 1.0
378 194 195 1.0
379 194 214 1.0
380 195 196 1.0
381 195 215 1.0
382 196 197 1.0
383 196 216 1.0
384 197 198 1.0
385 197 217 1.0
386 198 199 1.0
387 198 218 1.0
388 199 200 1.0
389 199 219 1.0
390 200 220 1.0
391 201 202 1.0
392 201 221 1.0
393 202 203 1.0
394 202 222 1.0
395 203 204 1.0
396 203 223 1.0
397 204 205 1.0
398 204 224 1.0
399 205 206 1.0
400 205 225 1.0
401 206 207 1.0
402 206 226 1.0
403 207 208 1.0
404 207 227 1.0
405 208 209 1.0
406 208 228 1.0
407 209 210 1.0
408 209 229 1.0
409 210 211 1.0
410 210 230 1.0
411 211 212 1.0
412 211 231 1.0
413 212 213 1.0
414 212 232 1.0
415 213 214 1.0
416 213 233 1.0
417 214 215 1.0
418 214 234 1.0
419 215 216 1.0
420 215 235 1.0
421 216 217 1.0
422 216 236 1.0
423 217 218 1.0
424 217 237 1.0
425 218 219 1.0
426 218 238 1.0
427 219 220 1.0
428 219 239 1.0
429 220 240 1.0
430 221 222 1.0
431 221 241 1.0
432 222 223 1.0
433 222 242 1.0
434 223 224 1.0
435 223 243 1.0
436 224 225 1.0
437 224 244 1.0
438 225 226 1.0
439 225 245 1.0
440 226 227 1.0
441 226 246 1.0
442 227 228 1.0
443 227 247 1.0
444 228 229 1.0
445 228 248 1.0
446 229 230 1.0
447 229 249 1.0
448 230 231 1.0
449 230 250 1.0
450 231 232 1.0
451 231 251 1.0
452 232 233 1.0
453 232 252 1.0
454 233 234 1.0
455 233 253 1.0
456 234 235 1.0
457 234 254 1.0
458 235 236 1.0
459 235 255 1.0
460 236 237 1.0
461 236 256 1.0
462 237 238 1.0
463 237 257 1.0
464 238 239 1.0
465 238 258 1.0
466 239 240 1.0
467 239 259 1.0
468 240 260 1.0
469 241 242 1.0
470 241 261 1.0
471 242 243 1.0
472 242 262 1.0
473 243 244 1.0
474 243 263 1.0
475 244 245 1.0
476 244 264 1.0
477 245 246 1.0
478 245 265 1.0
479 246 247 1.0
480 246 266 1.0
481 247 248 1.0
482 247 267 1.0
483 248 249 1.0
484 248 268 1.0
485 249 250 1.0
486 249 269 1.0
487 250 251 1.0
488 250 270 1.0
489 251 252 1.0
490 251 271 1.0
491 252 253 1.0
492 252 272 1.0
493 253 254 1.0
494 253 273 1.0
495 254 255 1.0
496 254 274 1.0
497 255 256 1.0
498 255 275 1.0
499 256 257 1.0
500 256 276 1.0
501 257 258 1.0
502 257 277 1.0
503 258 259 1.0
504 258 278 1.0
505 259 260 1.0
506 259 279 1.0
507 260 280 1.0
508 261 262 1.0
509 261 281 1.0
510 262 263 1.0
511 262 282 1.0
512 263 264 1.0
513 263 283 1.0
514 264 265 1.0
515 264 284 1.0
516 265 266 1.0
517 265 285 1.0
518 266 267 1.0
519 266 286 1.0
520 267 268 1.0
521 267 287 1.0
522 268 269 1.0
523 268 288 1.0
524 269 270 1.0
525 269 289 1.0
526 270 271 1.0
527 270 290 1.0
528 271 272 1.0
529 271 291 1.0
530 272 273 1.0
531 272 292 1.0
532 273 274 1.0
533 273 293 1.0
534 274 275 1.0
535 274 294 1.0
536 275 276 1.0
537 275 295 1.0
538 276 277 1.0
539 276 296 1.0
540 277 278 1.0
541 277 297 1.0
542 278 279 1.0
543 278 298 1.0
544 279 280 1.0
545 279 299 1.0
546 280 300 1.0
547 281 282 1.0
548 281 301 1.0
549 282 283 1.0
550 282 302 1.0
551 283 284 1.0
552 283 303 1.0
553 284 285 1.0
554 284 304 1.0
555 285 286 1.0
556 285 305 1.0
557 286 287 1.0
558 286 306 1.0
559 287 288 1.0
560 287 307 1.0
561 288 289 1.0
562 288 308 1.0
563 289 290 1.0
564 289 309 1.0
565 290 291 1.0
566 290 310 1.0
567 291 292 1.0
568 291 311 1.0
569 292 293 1.0
570 292 312 1.0
571 293 294 1.0
572 293 313 1.0
573 294 295 1.0
574 294 314 1.0
575 295 296 1.0
576 295 315 1.0
577 296 297 1.0
578 296 316 1.0
579 297 298 1.0
580 297 317 1.0
581 298 299 1.0
582 298 318 1.0
583 299 300 1.0
584 299 319 1.0
585 300 320 1.0
586 301 302 1.0
587 301 321 1.0
588 302 303 1.0
589 302 322 1.0
590 303 304 1.0
591 303 323 1.0
592 304 305 1.0
593 304 324 1.0
594 305 306 1.0
595 305 325 1.0
596 306 307 1.0
597 306 326 1.0
598 307 308 1.0
599 307 327 1.0
600 308 309 1.0
601 308 328 1.0
602 309 310 1.0
603 309 329 1.0
604 310 311 1.0
605 310 330 1.0
606 311 312 1.0
607 311 331 1.0
608 312 313 1.0
609 312 332 1.0
610 313 314 1.0
611 313 333 1.0
612 314 315 1.0
613 314 334 1.0
614 315 316 1.0
615 315 335 1.0
616 316 317 1.0
617 316 336 1.0
618 317 318 1.0
619 317 337 1.0
620 318 319 1.0
621 318 338 1.0
622 319 320 1.0
623 319 339 1.0
624 320 340 1.0
625 321 322 1.0
626 321 341 1.0
627 322 323 1.0
628 322 342 1.0
629 323 324 1.0
630 323 343 1.0
631 324 325 1.0
632 324 344 1.0
633 325 326 1.0
634 325 345 1.0
635 326 327 1.0
636 326 346 1.0
637 327 328 1.0
638 327 347 1.0
639 328 329 1.0
640 328 348 1.0
641 329 330 1.0
642 329 349 1.0
643 330 331 1.0
644 330 350 1.0
645 331 332 1.0
646 331 351 1.0
647 332 333 1.0
648 332 352 1.0
649 333 334 1.0
650 333 353 1.0
651 334 335 1.0
652 334 354 1.0
653 335 336 1.0
654 335 355 1.0
655 336 337 1.0
656 336 356 1.0
657 337 338 1.0
658 337 357 1.0
659 338 339 1.0
660 338 358 1.0
661 339 340 1.0
662 339 359 1.0
663 340 360 1.0
664 341 342 1.0
665 341 361 1.0
666 342 343 1.0
667 342 362 1.0
668 343 344 1.0
669 343 363 1.0
670 344 345 1.0
671 344 364 1.0
672 345 346 1.0
673 345 365 1.0
674 346 347 1.0
675 346 366 1.0
676 347 348 1.0
677 347 367 1.0
678 348 349 1.0
679 348 368 1.0
680 349 350 1.0
681 349 369 1.0
682 350 351 1.0
683 350 370 1.0
684 351 352 1.0
685 351 371 1.0
686 352 353 1.0
687 352 372 1.0
688 353 354 1.0
689 353 373 1.0
690 354 355 1.0
691 354 374 1.0
692 355 356 1.0
693 355 375 1.0
694 356 357 1.0
695 356 376 1.0
696 357 358 1.0
697 357 377 1.0
698 358 359 1.0
699 358 378 1.0
700 359 360 1.0
701 359 379 1.0
702 360 380 1.0
703 361 362 1.0
704 361 381 1.0
705 362 363 1.0
706 362 382 1.0
707 363 364 1.0
708 363 383 1.0
709 364 365 1.0
710 364 384 1.0
711 365 366 1.0
712 365 385 1.0
713 366 367 1.0
714 366 386 1.0
715 367 368 1.0
716 367 387 1.0
717 368 369 1.0
718 368 388 1.0
719 369 370 1.0
720 369 389 1.0
721 370 371 1.0
722 370 390 1.0
723 371 372 1.0
724 371 391 1.0
725 372 373 1.0
726 372 392 1.0
727 373 374 1.0
728 373 393 1.0
729 374 375 1.0
730 374 394 1.0
731 375 376 1.0
732 375 395 1.0
733 376 377 1.0
734 376 396 1.0
735 377 378 1.0
736 377 397 1.0
737 378 379 1.0
738 378 398 1.0
739 379 380 1.0
740 379 399 1.0
741 380 400 1.0
742 381 382 1.0
743 382 383 1.0
744 383 384 1.0
745 384 385 1.0
746 385 386 1.0
747 386 387 1.0
748 387 388 1.0
749 388 389 1.0
750 389 390 1.0
751 390 391 1.0
752 391 392 1.0
753 392 393 1.0
754 393 394 1.0
755 394 395 1.0
756 395 396 1.0
757 396 397 1.0
758 397 398 1.0
759 398 399 1.0
760 399 400 1.0
