1 1 2 1.0
2 1 16 1.0
3 1 17 1.0
4 2 3 1.0
5 2 17 1.0
6 2 18 1.0
7 3 4 1.0
8 3 18 1.0
9 3 19 1.0
10 4 5 1.0
11 4 19 1.0
12 4 20 1.0
13 5 6 1.0
14 5 20 1.0
15 5 21 1.0
16 6 7 1.0
17 6 21 1.0
18 6 22 1.0
19 7 8 1.0
20 7 22 1.0
21 7 23 1.0
22 8 9 1.0
23 8 23 1.0
24 8 24 1.0
25 9 10 1.0
26 9 24 1.0
27 9 25 1.0
28 10 11 1.0
29 10 25 1.0
30 10 26 1.0
31 11 12 1.0
32 11 26 1.0
33 11 27 1.0
34 12 13 1.0
35 12 27 1.0
36 12 28 1.0
37 13 14 1.0
38 13 28 1.0
39 13 29 1.0
40 14 15 1.0
41 14 29 1.0
42 14 30 1.0
43 15 30 1.0
44 16 17 1.0
45 16 31 1.0
46 17 18 1.0
47 17 32 1.0
48 17 31 1.0
49 18 19 1.0
50 18 33 1.0
51 18 32 1.0
52 19 20 1.0
53 19 34 1.0
54 19 33 1.0
55 20 21 1.0
56 20 35 1.0
57 20 34 1.0
58 21 22 1.0
59 21 36 1.0
60 21 35 1.0
61 22 23 1.0
62 22 37 1.0
63 22 36 1.0
64 23 24 1.0
65 23 38 1.0
66 23 37 1.0
67 24 25 1.0
68 24 39 1.0
69 24 38 1.0
70 25 26 1.0
71 25 40 1.0
72 25 39 1.0
73 26 27 1.0
74 26 41 1.0
75 26 40 1.0
76 27 28 1.0
77 27 42 1.0
78 27 41 1.0
79 28 29 1.0
80 28 43 1.0
81 28 42 1.0
82 29 30 1.0
83 29 44 1.0
84 29 43 1.0
85 30 45 1.0
86 30 44 1.0
87 31 32 1.0
88 31 46 1.0
89 31 47 1.0
90 32 33 1.0
91 32 47 1.0
92 32 48 1.0
93 33 34 1.0
94 33 48 1.0
95 33 49 1.0
96 34 35 1.0
97 34 49 1.0
98 34 50 1.0
99 35 36 1.0
100 35 50 1.0
101 35 51 1.0
102 36 37 1.0
103 36 51 1.0
104 36 52 1.0
105 37 38 1.0
106 37 52 1.0
107 37 53 1.0
108 38 39 1.0
109 38 53 1.0
110 38 54 1.0
111 39 40 1.0
112 39 54 1.0
113 39 55 1.0
114 40 41 1.0
115 40 55 1.0
116 40 56 1.0
117 41 42 1.0
118 41 56 1.0
119 41 57 1.0
120 42 43 1.0
121 42 57 1.0
122 42 58 1.0
123 43 44 1.0
124 43 58 1.0
125 43 59 1.0
126 44 45 1.0
127 44 59 1.0
128 44 60 1.0
129 45 60 1.0
130 46 47 1.0
131 46 61 1.0
132 47 48 1.0
133 47 62 1.0
134 47 61 1.0
135 48 49 1.0
136 48 63 1.0
137 48 62 1.0
138 49 50 1.0
139 49 64 1.0
140 49 63 1.0
141 50 51 1.0
142 50 65 1.0
143 50 64 1.0
144 51 52 1.0
145 51 66 1.0
146 51 65 1.0
147 52 53 1.0
148 52 67 1.0
149 52 66 1.0
150 53 54 1.0
151 53 68 1.0
152 53 67 1.0
153 54 55 1.0
154 54 69 1.0
155 54 68 1.0
156 55 56 1.0
157 55 70 1.0
158 55 69 1.0
159 56 57 1.0
160 56 71 1.0
161 56 70 1.0
162 57 58 1.0
163 57 72 1.0
164 57 71 1.0
165 58 59 1.0
166 58 73 1.0
167 58 72 1.0
168 59 60 1.0
169 59 74 1.0
170 59 73 1.0
171 60 75 1.0
172 60 74 1.0
173 61 62 1.0
174 61 76 1.0
175 61 77 1.0
176 62 63 1.0
177 62 77 1.0
178 62 78 1.0
179 63 64 1.0
180 63 78 1.0
181 63 79 1.0
182 64 65 1.0
183 64 79 1.0
184 64 80 1.0
185 65 66 1.0
186 65 80 1.0
187 65 81 1.0
188 66 67 1.0
189 66 81 1.0
190 66 82 1.0
191 67 68 1.0
192 67 82 1.0
193 67 83 1.0
194 68 69 1.0
195 68 83 1.0
196 68 84 1.0
197 69 70 1.0
198 69 84 1.0
199 69 85 1.0
200 70 71 1.0
201 70 85 1.0
202 70 86 1.0
203 71 72 1.0
204 71 86 1.0
205 71 87 1.0
206 72 73 1.0
207 72 87 1.0
208 72 88 1.0
209 73 74 1.0
210 73 88 1.0
211 73 89 1.0
212 74 75 1.0
213 74 89 1.0
214 74 90 1.0
215 75 90 1.0
216 76 77 1.0
217 76 91 1.0
218 77 78 1.0
219 77 92 1.0
220 77 91 1.0
221 78 79 1.0
222 78 93 1.0
223 78 92 1.0
224 79 80 1.0
225 79 94 1.0
226 79 93 1.0
227 80 81 1.0
228 80 95 1.0
229 80 94 1.0
230 81 82 1.0
231 81 96 1.0
232 81 95 1.0
233 82 83 1.0
234 82 97 1.0
235 82 96 1.0
236 83 84 1.0
237 83 98 1.0
238 83 97 1.0
239 84 85 1.0
240 84 99 1.0
241 84 98 1.0
242 85 86 1.0
243 85 100 1.0
244 85 99 1.0
245 86 87 1.0
246 86 101 1.0
247 86 100 1.0
248 87 88 1.0
249 87 102 1.0
250 87 101 1.0
251 88 89 1.0
252 88 103 1.0
253 88 102 1.0
254 89 90 1.0
255 89 104 1.0
256 89 103 1.0
257 90 105 1.0
258 90 104 1.0
259 91 92 1.0
260 91 106 1.0
261 91 107 1.0
262 92 93 1.0
263 92 107 1.0
264 92 108 1.0
265 93 94 1.0
266 93 108 1.0
267 93 109 1.0
268 94 95 1.0
269 94 109 1.0
270 94 110 1.0
271 95 96 1.0
272 95 110 1.0
273 95 111 1.0
274 96 97 1.0
275 96 111 1.0
276 96 112 1.0
277 97 98 1.0
278 97 112 1.0
279 97 113 1.0
280 98 99 1.0
281 98 113 1.0
282 98 114 1.0
283 99 100 1.0
284 99 114 1.0
285 99 115 1.0
286 100 101 1.0
287 100 115 1.0
288 100 116 1.0
289 101 102 1.0
290 101 116 1.0
291 101 117 1.0
292 102 103 1.0
293 102 117 1.0
294 102 118 1.0
295 103 104 1.0
296 103 118 1.0
297 103 119 1.0
298 104 105 1.0
299 104 119 1.0
300 104 120 1.0
301 105 120 1.0
302 106 107 1.0
303 106 121 1.0
304 107 108 1.0
305 107 122 1.0
306 107 121 1.0
307 108 109 1.0
308 108 123 1.0
309 108 122 1.0
310 109 110 1.0
311 109 124 1.0
312 109 123 1.0
313 110 111 1.0
314 110 125 1.0
315 110 124 1.0
316 111 112 1.0
317 111 126 1.0
318 111 125 1.0
319 112 113 1.0
320 112 127 1.0
321 112 126 1.0
322 113 114 1.0
323 113 128 1.0
324 113 127 1.0
325 114 115 1.0
326 114 129 1.0
327 114 128 1.0
328 115 116 1.0
329 115 130 1.0
330 115 129 1.0
331 116 117 1.0
332 116 131 1.0
333 116 130 1.0
334 117 118 1.0
335 117 132 1.0
336 117 131 1.0
337 118 119 1.0
338 118 133 1.0
339 118 132 1.0
340 119 120 1.0
341 119 134 1.0
342 119 133 1.0
343 120 135 1.0
344 120 134 1.0
345 121 122 1.0
346 121 136 1.0
347 121 137 1.0
348 122 123 1.0
349 122 137 1.0
350 122 138 1.0
351 123 124 1.0
352 123 138 1.0
353 123 139 1.0
354 124 125 1.0
355 124 139 1.0
356 124 140 1.0
357 125 126 1.0
358 125 140 1.0
359 125 141 1.0
360 126 127 1.0
361 126 141 1.0
362 126 142 1.0
363 127 128 1.0
364 127 142 1.0
365 127 143 1.0
366 128 129 1.0
367 128 143 1.0
368 128 144 1.0
369 129 130 1.0
370 129 144 1.0
371 129 145 1.0
372 130 131 1.0
373 130 145 1.0
374 130 146 1.0
375 131 132 1.0
376 131 146 1.0
377 131 147 1.0
378 132 133 1.0
379 132 147 1.0
380 132 148 1.0
381 133 134 1.0
382 133 148 1.0
383 133 149 1.0
384 134 135 1.0
385 134 149 1.0
386 134 150 1.0
387 135 150 1.0
388 136 137 1.0
389 136 151 1.0
390 137 138 1.0
391 137 152 1.0
392 137 151 1.0
393 138 139 1.0
394 138 153 1.0
395 138 152 1.0
396 139 140 1.0
397 139 154 1.0
398 139 153 1.0
399 140 141 1.0
400 140 155 1.0
401 140 154 1.0
402 141 142 1.0
403 141 156 1.0
404 141 155 1.0
405 142 143 1.0
406 142 157 1.0
407 142 156 1.0
408 143 144 1.0
409 143 158 1.0
410 143 157 1.0
411 144 145 1.0
412 144 159 1.0
413 144 158 1.0
414 145 146 1.0
415 145 160 1.0
416 145 159 1.0
417 146 147 1.0
418 146 161 1.0
419 146 160 1.0
420 147 148 1.0
421 147 162 1.0
422 147 161 1.0
423 148 149 1.0
424 148 163 1.0
425 148 162 1.0
426 149 150 1.0
427 149 164 1.0
428 149 163 1.0
429 150 165 1.0
430 150 164 1.0
431 151 152 1.0
432 151 166 1.0
433 151 167 1.0
434 152 153 1.0
435 152 167 1.0
436 152 168 1.0
437 153 154 1.0
438 153 168 1.0
439 153 169 1.0
440 154 155 1.0
441 154 169 1.0
442 154 170 1.0
443 155 156 1.0
444 155 170 1.0
445 155 171 1.0
446 156 157 1.0
447 156 171 1.0
448 156 172 1.0
449 157 158 1.0
450 157 172 1.0
451 157 173 1.0
452 158 159 1.0
453 158 173 1.0
454 158 174 1.0
455 159 160 1.0
456 159 174 1.0
457 159 175 1.0
458 160 161 1.0
459 160 175 1.0
460 160 176 1.0
461 161 162 1.0
462 161 176 1.0
463 161 177 1.0
464 162 163 1.0
465 162 177 1.0
466 162 178 1.0
467 163 164 1.0
468 163 178 1.0
469 163 179 1.0
470 164 165 1.0
471 164 179 1.0
472 164 180 1.0
473 165 180 1.0
474 166 167 1.0
475 166 181 1.0
476 167 168 1.0
477 167 182 1.0
478 167 181 1.0
479 168 169 1.0
480 168 183 1.0
481 168 182 1.0
482 169 170 1.0
483 169 184 1.0
484 169 183 1.0
485 170 171 1.0
486 170 185 1.0
487 170 184 1.0
488 171 172 1.0
489 171 186 1.0
490 171 185 1.0
491 172 173 1.0
492 172 187 1.0
493 172 186 1.0
494 173 174 1.0
495 173 188 1.0
496 173 187 1.0
497 174 175 1.0
498 174 189 1.0
499 174 188 1.0
500 175 176 1.0
501 175 190 1.0
502 175 189 1.0
503 176 177 1.0
504 176 191 1.0
505 176 190 1.0
506 177 178 1.0
507 177 192 1.0
508 177 191 1.0
509 178 179 1.0
510 178 193 1.0
511 178 192 1.0
512 179 180 1.0
513 179 194 1.0
514 179 193 1.0
515 180 195 1.0
516 180 194 1.0
517 181 182 1.0
518 181 196 1.0
519 181 197 1.0
520 182 183 1.0
521 182 197 1.0
522 182 198 1.0
523 183 184 1.0
524 183 198 1.0
525 183 199 1.0
526 184 185 1.0
527 184 199 1.0
528 184 200 1.0
529 185 186 1.0
530 185 200 1.0
531 185 201 1.0
532 186 187 1.0
533 186 201 1.0
534 186 202 1.0
535 187 188 1.0
536 187 202 1.0
537 187 203 1.0
538 188 189 1.0
539 188 203 1.0
540 188 204 1.0
541 189 190 1.0
542 189 204 1.0
543 189 205 1.0
544 190 191 1.0
545 190 205 1.0
546 190 206 1.0
547 191 192 1.0
548 191 206 1.0
549 191 207 1.0
550 192 193 1.0
551 192 207 1.0
552 192 208 1.0
553 193 194 1.0
554 193 208 1.0
555 193 209 1.0
556 194 195 1.0
557 194 209 1.0
558 194 210 1.0
559 195 210 1.0
560 196 197 1.0
561 197 198 1.0
562 198 199 1.0
563 199 200 1.0
564 200 201 1.0
565 201 202 1.0
566 202 203 1.0
567 203 204 1.0
568 204 205 1.0
569 205 206 1.0
570 206 207 1.0
571 207 208 1.0
572 208 209 1.0
573 209 210 1.0
