1 1 2 1.0
2 1 9 1.0
3 2 3 1.0
4 2 10 1.0
5 3 4 1.0
6 3 11 1.0
7 4 5 1.0
8 4 12 1.0
9 5 6 1.0
10 5 13 1.0
11 6 7 1.0
12 6 14 1.0
13 7 8 1.0
14 7 15 1.0
15 8 1 1.0
16 8 16 1.0
17 9 10 1.0
18 9 17 1.0
19 10 11 1.0
20 10 18 1.0
21 11 12 1.0
22 11 19 1.0
23 12 13 1.0
24 12 20 1.0
25 13 14 1.0
26 13 21 1.0
27 14 15 1.0
28 14 22 1.0
29 15 16 1.0
30 15 23 1.0
31 16 9 1.0
32 16 24 1.0
33 17 18 1.0
34 17 25 1.0
35 18 19 1.0
36 18 26 1.0
37 19 20 1.0
38 19 27 1.0
39 20 21 1.0
40 20 28 1.0
41 21 22 1.0
42 21 29 1.0
43 22 23 1.0
44 22 30 1.0
45 23 24 1.0
46 23 31 1.0
47 24 17 1.0
48 24 32 1.0
49 25 26 1.0
50 25 33 1.0
51 26 27 1.0
52 26 34 1.0
53 27 28 1.0
54 27 35 1.0
55 28 29 1.0
56 28 36 1.0
57 29 30 1.0
58 29 37 1.0
59 30 31 1.0
60 30 38 1.0
61 31 32 1.0
62 31 39 1.0
63 32 25 1.0
64 32 40 1.0
65 33 34 1.0
66 33 41 1.0
67 34 35 1.0
68 34 42 1.0
69 35 36 1.0
70 35 43 1.0
71 36 37 1.0
72 36 44 1.0
73 37 38 1.0
74 37 45 1.0
75 38 39 1.0
76 38 46 1.0
77 39 40 1.0
78 39 47 1.0
79 40 33 1.0
80 40 48 1.0
81 41 42 1.0
82 41 49 1.0
83 42 43 1.0
84 42 49 1.0
85 43 44 1.0
86 43 49 1.0
87 44 45 1.0
88 44 49 1.0
89 45 46 1.0
90 45 49 1.0
91 46 47 1.0
92 46 49 1.0
93 47 48 1.0
94 47 49 1.0
95 48 41 1.0
96 48 49 1.0
