1 1 2 1.0
2 1 15 1.0
3 1 16 1.0
4 2 3 1.0
5 2 16 1.0
6 2 17 1.0
7 3 4 1.0
8 3 17 1.0
9 3 18 1.0
10 4 5 1.0
11 4 18 1.0
12 4 19 1.0
13 5 6 1.0
14 5 19 1.0
15 5 20 1.0
16 6 7 1.0
17 6 20 1.0
18 6 21 1.0
19 7 8 1.0
20 7 21 1.0
21 7 22 1.0
22 8 9 1.0
23 8 22 1.0
24 8 23 1.0
25 9 10 1.0
26 9 23 1.0
27 9 24 1.0
28 10 11 1.0
29 10 24 1.0
30 10 25 1.0
31 11 12 1.0
32 11 25 1.0
33 11 26 1.0
34 12 13 1.0
35 12 26 1.0
36 12 27 1.0
37 13 14 1.0
38 13 27 1.0
39 13 28 1.0
40 14 28 1.0
41 15 16 1.0
42 15 29 1.0
43 15 30 1.0
44 16 17 1.0
45 16 30 1.0
46 16 31 1.0
47 17 18 1.0
48 17 31 1.0
49 17 32 1.0
50 18 19 1.0
51 18 32 1.0
52 18 33 1.0
53 19 20 1.0
54 19 33 1.0
55 19 34 1.0
56 20 21 1.0
57 20 34 1.0
58 20 35 1.0
59 21 22 1.0
60 21 35 1.0
61 21 36 1.0
62 22 23 1.0
63 22 36 1.0
64 22 37 1.0
65 23 24 1.0
66 23 37 1.0
67 23 38 1.0
68 24 25 1.0
69 24 38 1.0
70 24 39 1.0
71 25 26 1.0
72 25 39 1.0
73 25 40 1.0
74 26 27 1.0
75 26 40 1.0
76 26 41 1.0
77 27 28 1.0
78 27 41 1.0
79 27 42 1.0
80 28 42 1.0
81 29 30 1.0
82 29 43 1.0
83 29 44 1.0
84 30 31 1.0
85 30 44 1.0
86 30 45 1.0
87 31 32 1.0
88 31 45 1.0
89 31 46 1.0
90 32 33 1.0
91 32 46 1.0
92 32 47 1.0
93 33 34 1.0
94 33 47 1.0
95 33 48 1.0
96 34 35 1.0
97 34 48 1.0
98 34 49 1.0
99 35 36 1.0
100 35 49 1.0
101 35 50 1.0
102 36 37 1.0
103 36 50 1.0
104 36 51 1.0
105 37 38 1.0
106 37 51 1.0
107 37 52 1.0
108 38 39 1.0
109 38 52 1.0
110 38 53 1.0
111 39 40 1.0
112 39 53 1.0
113 39 54 1.0
114 40 41 1.0
115 40 54 1.0
116 40 55 1.0
117 41 42 1.0
118 41 55 1.0
119 41 56 1.0
120 42 56 1.0
121 43 44 1.0
122 43 57 1.0
123 43 58 1.0
124 44 45 1.0
125 44 58 1.0
126 44 59 1.0
127 45 46 1.0
128 45 59 1.0
129 45 60 1.0
130 46 47 1.0
131 46 60 1.0
132 46 61 1.0
133 47 48 1.0
134 47 61 1.0
135 47 62 1.0
136 48 49 1.0
137 48 62 1.0
138 48 63 1.0
139 49 50 1.0
140 49 63 1.0
141 49 64 1.0
142 50 51 1.0
143 50 64 1.0
144 50 65 1.0
145 51 52 1.0
146 51 65 1.0
147 51 66 1.0
148 52 53 1.0
149 52 66 1.0
150 52 67 1.0
151 53 54 1.0
152 53 67 1.0
153 53 68 1.0
154 54 55 1.0
155 54 68 1.0
156 54 69 1.0
157 55 56 1.0
158 55 69 1.0
159 55 70 1.0
160 56 70 1.0
161 57 58 1.0
162 57 71 1.0
163 57 72 1.0
164 58 59 1.0
165 58 72 1.0
166 58 73 1.0
167 59 60 1.0
168 59 73 1.0
169 59 74 1.0
170 60 61 1.0
171 60 74 1.0
172 60 75 1.0
173 61 62 1.0
174 61 75 1.0
175 61 76 1.0
176 62 63 1.0
177 62 76 1.0
178 62 77 1.0
179 63 64 1.0
180 63 77 1.0
181 63 78 1.0
182 64 65 1.0
183 64 78 1.0
184 64 79 1.0
185 65 66 1.0
186 65 79 1.0
187 65 80 1.0
188 66 67 1.0
189 66 80 1.0
190 66 81 1.0
191 67 68 1.0
192 67 81 1.0
193 67 82 1.0
194 68 69 1.0
195 68 82 1.0
196 68 83 1.0
197 69 70 1.0
198 69 83 1.0
199 69 84 1.0
200 70 84 1.0
201 71 72 1.0
202 71 85 1.0
203 71 86 1.0
204 72 73 1.0
205 72 86 1.0
206 72 87 1.0
207 73 74 1.0
208 73 87 1.0
209 73 88 1.0
210 74 75 1.0
211 74 88 1.0
212 74 89 1.0
213 75 76 1.0
214 75 89 1.0
215 75 90 1.0
216 76 77 1.0
217 76 90 1.0
218 76 91 1.0
219 77 78 1.0
220 77 91 1.0
221 77 92 1.0
222 78 79 1.0
223 78 92 1.0
224 78 93 1.0
225 79 80 1.0
226 79 93 1.0
227 79 94 1.0
228 80 81 1.0
229 80 94 1.0
230 80 95 1.0
231 81 82 1.0
232 81 95 1.0
233 81 96 1.0
234 82 83 1.0
235 82 96 1.0
236 82 97 1.0
237 83 84 1.0
238 83 97 1.0
239 83 98 1.0
240 84 98 1.0
241 85 86 1.0
242 85 99 1.0
243 85 100 1.0
244 86 87 1.0
245 86 100 1.0
246 86 101 1.0
247 87 88 1.0
248 87 101 1.0
249 87 102 1.0
250 88 89 1.0
251 88 102 1.0
252 88 103 1.0
253 89 90 1.0
254 89 103 1.0
255 89 104 1.0
256 90 91 1.0
257 90 104 1.0
258 90 105 1.0
259 91 92 1.0
260 91 105 1.0
261 91 106 1.0
262 92 93 1.0
263 92 106 1.0
264 92 107 1.0
265 93 94 1.0
266 93 107 1.0
267 93 108 1.0
268 94 95 1.0
269 94 108 1.0
270 94 109 1.0
271 95 96 1.0
272 95 109 1.0
273 95 110 1.0
274 96 97 1.0
275 96 110 1.0
276 96 111 1.0
277 97 98 1.0
278 97 111 1.0
279 97 112 1.0
280 98 112 1.0
281 99 100 1.0
282 99 113 1.0
283 99 114 1.0
284 100 101 1.0
285 100 114 1.0
286 100 115 1.0
287 101 102 1.0
288 101 115 1.0
289 101 116 1.0
290 102 103 1.0
291 102 116 1.0
292 102 117 1.0
293 103 104 1.0
294 103 117 1.0
295 103 118 1.0
296 104 105 1.0
297 104 118 1.0
298 104 119 1.0
299 105 106 1.0
300 105 119 1.0
301 105 120 1.0
302 106 107 1.0
303 106 120 1.0
304 106 121 1.0
305 107 108 1.0
306 107 121 1.0
307 107 122 1.0
308 108 109 1.0
309 108 122 1.0
310 108 123 1.0
311 109 110 1.0
312 109 123 1.0
313 109 124 1.0
314 110 111 1.0
315 110 124 1.0
316 110 125 1.0
317 111 112 1.0
318 111 125 1.0
319 111 126 1.0
320 112 126 1.0
321 113 114 1.0
322 113 127 1.0
323 113 128 1.0
324 114 115 1.0
325 114 128 1.0
326 114 129 1.0
327 115 116 1.0
328 115 129 1.0
329 115 130 1.0
330 116 117 1.0
331 116 130 1.0
332 116 131 1.0
333 117 118 1.0
334 117 131 1.0
335 117 132 1.0
336 118 119 1.0
337 118 132 1.0
338 118 133 1.0
339 119 120 1.0
340 119 133 1.0
341 119 134 1.0
342 120 121 1.0
343 120 134 1.0
344 120 135 1.0
345 121 122 1.0
346 121 135 1.0
347 121 136 1.0
348 122 123 1.0
349 122 136 1.0
350 122 137 1.0
351 123 124 1.0
352 123 137 1.0
353 123 138 1.0
354 124 125 1.0
355 124 138 1.0
356 124 139 1.0
357 125 126 1.0
358 125 139 1.0
359 125 140 1.0
360 126 140 1.0
361 127 128 1.0
362 127 141 1.0
363 127 142 1.0
364 128 129 1.0
365 128 142 1.0
366 128 143 1.0
367 129 130 1.0
368 129 143 1.0
369 129 144 1.0
370 130 131 1.0
371 130 144 1.0
372 130 145 1.0
373 131 132 1.0
374 131 145 1.0
375 131 146 1.0
376 132 133 1.0
377 132 146 1.0
378 132 147 1.0
379 133 134 1.0
380 133 147 1.0
381 133 148 1.0
382 134 135 1.0
383 134 148 1.0
384 134 149 1.0
385 135 136 1.0
386 135 149 1.0
387 135 150 1.0
388 136 137 1.0
389 136 150 1.0
390 136 151 1.0
391 137 138 1.0
392 137 151 1.0
393 137 152 1.0
394 138 139 1.0
395 138 152 1.0
396 138 153 1.0
397 139 140 1.0
398 139 153 1.0
399 139 154 1.0
400 140 154 1.0
401 141 142 1.0
402 141 155 1.0
403 141 156 1.0
404 142 143 1.0
405 142 156 1.0
406 142 157 1.0
407 143 144 1.0
408 143 157 1.0
409 143 158 1.0
410 144 145 1.0
411 144 158 1.0
412 144 159 1.0
413 145 146 1.0
414 145 159 1.0
415 145 160 1.0
416 146 147 1.0
417 146 160 1.0
418 146 161 1.0
419 147 148 1.0
420 147 161 1.0
421 147 162 1.0
422 148 149 1.0
423 148 162 1.0
424 148 163 1.0
425 149 150 1.0
426 149 163 1.0
427 149 164 1.0
428 150 151 1.0
429 150 164 1.0
430 150 165 1.0
431 151 152 1.0
432 151 165 1.0
433 151 166 1.0
434 152 153 1.0
435 152 166 1.0
436 152 167 1.0
437 153 154 1.0
438 153 167 1.0
439 153 168 1.0
440 154 168 1.0
441 155 156 1.0
442 155 169 1.0
443 155 170 1.0
444 156 157 1.0
445 156 170 1.0
446 156 171 1.0
447 157 158 1.0
448 157 171 1.0
449 157 172 1.0
450 158 159 1.0
451 158 172 1.0
452 158 173 1.0
453 159 160 1.0
454 159 173 1.0
455 159 174 1.0
456 160 161 1.0
457 160 174 1.0
458 160 175 1.0
459 161 162 1.0
460 161 175 1.0
461 161 176 1.0
462 162 163 1.0
463 162 176 1.0
464 162 177 1.0
465 163 164 1.0
466 163 177 1.0
467 163 178 1.0
468 164 165 1.0
469 164 178 1.0
470 164 179 1.0
471 165 166 1.0
472 165 179 1.0
473 165 180 1.0
474 166 167 1.0
475 166 180 1.0
476 166 181 1.0
477 167 168 1.0
478 167 181 1.0
479 167 182 1.0
480 168 182 1.0
481 169 170 1.0
482 169 183 1.0
483 169 184 1.0
484 170 171 1.0
485 170 184 1.0
486 170 185 1.0
487 171 172 1.0
488 171 185 1.0
489 171 186 1.0
490 172 173 1.0
491 172 186 1.0
492 172 187 1.0
493 173 174 1.0
494 173 187 1.0
495 173 188 1.0
496 174 175 1.0
497 174 188 1.0
498 174 189 1.0
499 175 176 1.0
500 175 189 1.0
501 175 190 1.0
502 176 177 1.0
503 176 190 1.0
504 176 191 1.0
505 177 178 1.0
506 177 191 1.0
507 177 192 1.0
508 178 179 1.0
509 178 192 1.0
510 178 193 1.0
511 179 180 1.0
512 179 193 1.0
513 179 194 1.0
514 180 181 1.0
515 180 194 1.0
516 180 195 1.0
517 181 182 1.0
518 181 195 1.0
519 181 196 1.0
520 182 196 1.0
521 183 184 1.0
522 184 185 1.0
523 185 186 1.0
524 186 187 1.0
525 187 188 1.0
526 188 189 1.0
527 189 190 1.0
528 190 191 1.0
529 191 192 1.0
530 192 193 1.0
531 193 194 1.0
532 194 195 1.0
533 195 196 1.0
