1 1 2 1.0
2 1 3 1.0
3 1 4 1.0
4 1 5 1.0
5 1 6 1.0
6 1 7 1.0
7 1 8 1.0
8 1 9 1.0
9 1 10 1.0
10 1 11 1.0
11 1 12 1.0
12 1 13 1.0
13 1 14 1.0
14 1 15 1.0
15 1 16 1.0
16 1 17 1.0
17 1 18 1.0
18 1 19 1.0
19 1 20 1.0
20 1 21 1.0
21 1 22 1.0
22 1 23 1.0
23 1 24 1.0
24 1 25 1.0
25 1 26 1.0
26 1 27 1.0
27 1 28 1.0
28 1 29 1.0
29 1 30 1.0
30 1 31 1.0
31 1 32 1.0
32 1 33 1.0
33 1 34 1.0
34 1 35 1.0
35 1 36 1.0
36 1 37 1.0
37 1 38 1.0
38 1 39 1.0
39 1 40 1.0
40 1 41 1.0
41 1 42 1.0
42 1 43 1.0
43 1 44 1.0
44 1 45 1.0
45 1 46 1.0
46 1 47 1.0
47 1 48 1.0
48 1 49 1.0
49 1 50 1.0
50 1 51 1.0
51 1 52 1.0
52 1 53 1.0
53 1 54 1.0
54 1 55 1.0
55 1 56 1.0
56 1 57 1.0
57 1 58 1.0
58 1 59 1.0
59 1 60 1.0
60 1 61 1.0
61 1 62 1.0
62 1 63 1.0
63 1 64 1.0
64 1 65 1.0
65 1 66 1.0
66 1 67 1.0
67 1 68 1.0
68 1 69 1.0
69 1 70 1.0
70 1 71 1.0
71 1 72 1.0
72 1 73 1.0
73 1 74 1.0
74 1 75 1.0
75 1 76 1.0
76 1 77 1.0
77 1 78 1.0
78 1 79 1.0
79 1 80 1.0
80 1 81 1.0
81 1 82 1.0
82 1 83 1.0
83 1 84 1.0
84 1 85 1.0
85 1 86 1.0
86 1 87 1.0
87 1 88 1.0
88 1 89 1.0
89 1 90 1.0
90 1 91 1.0
91 1 92 1.0
92 1 93 1.0
93 1 94 1.0
94 1 95 1.0
95 1 96 1.0
96 1 97 1.0
97 1 98 1.0
98 1 99 1.0
99 1 100 1.0
100 1 101 1.0
101 1 102 1.0
102 1 103 1.0
103 1 104 1.0
104 1 105 1.0
105 1 106 1.0
106 1 107 1.0
107 1 108 1.0
108 1 109 1.0
109 1 110 1.0
110 1 111 1.0
111 1 112 1.0
112 1 113 1.0
113 1 114 1.0
114 1 115 1.0
115 1 116 1.0
116 1 117 1.0
117 1 118 1.0
118 1 119 1.0
119 1 120 1.0
120 1 121 1.0
121 1 122 1.0
122 1 123 1.0
123 1 124 1.0
124 1 125 1.0
125 1 126 1.0
126 1 127 1.0
127 1 128 1.0
128 1 129 1.0
129 1 130 1.0
130 1 131 1.0
131 1 132 1.0
132 1 133 1.0
133 1 134 1.0
134 1 135 1.0
135 1 136 1.0
136 1 137 1.0
137 1 138 1.0
138 1 139 1.0
139 1 140 1.0
140 1 141 1.0
141 1 142 1.0
142 1 143 1.0
143 1 144 1.0
144 1 145 1.0
145 1 146 1.0
146 1 147 1.0
147 1 148 1.0
148 1 149 1.0
149 1 150 1.0
150 1 151 1.0
151 1 152 1.0
152 1 153 1.0
153 1 154 1.0
154 1 155 1.0
155 1 156 1.0
156 1 157 1.0
157 1 158 1.0
158 1 159 1.0
159 1 160 1.0
160 1 161 1.0
161 1 162 1.0
162 1 163 1.0
163 1 164 1.0
164 1 165 1.0
165 1 166 1.0
166 1 167 1.0
167 1 168 1.0
168 1 169 1.0
169 1 170 1.0
170 1 171 1.0
171 1 172 1.0
172 1 173 1.0
173 1 174 1.0
174 1 175 1.0
175 1 176 1.0
176 1 177 1.0
177 1 178 1.0
178 1 179 1.0
179 1 180 1.0
180 1 181 1.0
181 1 182 1.0
182 1 183 1.0
183 1 184 1.0
184 1 185 1.0
185 1 186 1.0
186 1 187 1.0
187 1 188 1.0
188 1 189 1.0
189 1 190 1.0
190 1 191 1.0
191 1 192 1.0
192 1 193 1.0
193 1 194 1.0
194 1 195 1.0
195 1 196 1.0
196 1 197 1.0
197 1 198 1.0
198 1 199 1.0
199 1 200 1.0
200 2 4 1.0
201 3 5 1.0
202 4 6 1.0
203 5 7 1.0
204 6 8 1.0
205 7 9 1.0
206 8 10 1.0
207 9 11 1.0
208 10 12 1.0
209 11 13 1.0
210 12 14 1.0
211 13 15 1.0
212 14 16 1.0
213 15 17 1.0
214 16 18 1.0
215 17 19 1.0
216 18 20 1.0
217 19 21 1.0
218 20 22 1.0
219 21 23 1.0
220 22 24 1.0
221 23 25 1.0
222 24 26 1.0
223 25 27 1.0
224 26 28 1.0
225 27 29 1.0
226 28 30 1.0
227 29 31 1.0
228 30 32 1.0
229 31 33 1.0
230 32 34 1.0
231 33 35 1.0
232 34 36 1.0
233 35 37 1.0
234 36 38 1.0
235 37 39 1.0
236 38 40 1.0
237 39 41 1.0
238 40 42 1.0
239 41 43 1.0
240 42 44 1.0
241 43 45 1.0
242 44 46 1.0
243 45 47 1.0
244 46 48 1.0
245 47 49 1.0
246 48 50 1.0
247 49 51 1.0
248 50 52 1.0
249 51 53 1.0
250 52 54 1.0
251 53 55 1.0
252 54 56 1.0
253 55 57 1.0
254 56 58 1.0
255 57 59 1.0
256 58 60 1.0
257 59 61 1.0
258 60 62 1.0
259 61 63 1.0
260 62 64 1.0
261 63 65 1.0
262 64 66 1.0
263 65 67 1.0
264 66 68 1.0
265 67 69 1.0
266 68 70 1.0
267 69 71 1.0
268 70 72 1.0
269 71 73 1.0
270 72 74 1.0
271 73 75 1.0
272 74 76 1.0
273 75 77 1.0
274 76 78 1.0
275 77 79 1.0
276 78 80 1.0
277 79 81 1.0
278 80 82 1.0
279 81 83 1.0
280 82 84 1.0
281 83 85 1.0
282 84 86 1.0
283 85 87 1.0
284 86 88 1.0
285 87 89 1.0
286 88 90 1.0
287 89 91 1.0
288 90 92 1.0
289 91 93 1.0
290 92 94 1.0
291 93 95 1.0
292 94 96 1.0
293 95 97 1.0
294 96 98 1.0
295 97 99 1.0
296 98 100 1.0
297 99 101 1.0
298 100 102 1.0
299 101 103 1.0
300 102 104 1.0
301 103 105 1.0
302 104 106 1.0
303 105 107 1.0
304 106 108 1.0
305 107 109 1.0
306 108 110 1.0
307 109 111 1.0
308 110 112 1.0
309 111 113 1.0
310 112 114 1.0
311 113 115 1.0
312 114 116 1.0
313 115 117 1.0
314 116 118 1.0
315 117 119 1.0
316 118 120 1.0
317 119 121 1.0
318 120 122 1.0
319 121 123 1.0
320 122 124 1.0
321 123 125 1.0
322 124 126 1.0
323 125 127 1.0
324 126 128 1.0
325 127 129 1.0
326 128 130 1.0
327 129 131 1.0
328 130 132 1.0
329 131 133 1.0
330 132 134 1.0
331 133 135 1.0
332 134 136 1.0
333 135 137 1.0
334 136 138 1.0
335 137 139 1.0
336 138 140 1.0
337 139 141 1.0
338 140 142 1.0
339 141 143 1.0
340 142 144 1.0
341 143 145 1.0
342 144 146 1.0
343 145 147 1.0
344 146 148 1.0
345 147 149 1.0
346 148 150 1.0
347 149 151 1.0
348 150 152 1.0
349 151 153 1.0
350 152 154 1.0
351 153 155 1.0
352 154 156 1.0
353 155 157 1.0
354 156 158 1.0
355 157 159 1.0
356 158 160 1.0
357 159 161 1.0
358 160 162 1.0
359 161 163 1.0
360 162 164 1.0
361 163 165 1.0
362 164 166 1.0
363 165 167 1.0
364 166 168 1.0
365 167 169 1.0
366 168 170 1.0
367 169 171 1.0
368 170 172 1.0
369 171 173 1.0
370 172 174 1.0
371 173 175 1.0
372 174 176 1.0
373 175 177 1.0
374 176 178 1.0
375 177 179 1.0
376 178 180 1.0
377 179 181 1.0
378 180 182 1.0
379 181 183 1.0
380 182 184 1.0
381 183 185 1.0
382 184 186 1.0
383 185 187 1.0
384 186 188 1.0
385 187 189 1.0
386 188 190 1.0
387 189 191 1.0
388 190 192 1.0
389 191 193 1.0
390 192 194 1.0
391 193 195 1.0
392 194 196 1.0
393 195 197 1.0
394 196 198 1.0
395 197 199 1.0
396 198 200 1.0
397 199 2 1.0
398 200 3 1.0
